#x y z
 -1.20000 1.00000 1
 -1.03011 1.06934 1
 -0.94136 0.85192 1
 -0.92254 0.85960 1
 -0.86957 0.72984 1
 -0.85311 0.73656 1
 -0.81375 0.64013 1
 -0.79839 0.64639 1
 -0.76648 0.56823 1
 -0.75172 0.57425 1
 -0.72460 0.50782 1
 -0.71018 0.51371 1
 -0.68643 0.45553 1
 -0.67217 0.46135 1
 -0.65093 0.40933 1
 -0.63671 0.41514 1
 -0.61744 0.36792 1
 -0.60317 0.37374 1
 -0.58547 0.33037 1
 -0.57107 0.33625 1
 -0.55465 0.29604 1
 -0.54005 0.30200 1
 -0.52472 0.26444 1
 -0.50984 0.27051 1
 -0.49543 0.23520 1
 -0.48021 0.24141 1
 -0.46658 0.20802 1
 -0.45093 0.21441 1
 -0.43798 0.18269 1
 -0.42182 0.18929 1
 -0.40946 0.15901 1
 -0.39268 0.16586 1
 -0.38084 0.13686 1
 -0.36331 0.14401 1
 -0.35192 0.11611 1
 -0.33350 0.12363 1
 -0.32250 0.09668 1
 -0.30299 0.10465 1
 -0.29232 0.07852 1
 -0.27144 0.08705 1
 -0.26105 0.06161 1
 -0.23843 0.07084 1
 -0.22827 0.04594 1
 -0.20335 0.05612 1
 -0.19334 0.03160 1
 -0.16522 0.04307 1
 -0.15527 0.01871 1
 -0.12233 0.03216 1
 -0.11232 0.00762 1
 -0.07095 0.02450 1
 -0.06059 -0.00088 1
 0.00210 0.02471 1
 0.01374 -0.00379 1
 0.41821 0.16131 1
 0.41461 0.17012 1
 0.43769 0.17954 1
 0.43458 0.18716 1
 0.45381 0.19501 1
 0.45104 0.20180 1
 0.46762 0.20857 1
 0.46510 0.21474 1
 0.47974 0.22071 1
 0.47742 0.22639 1
 0.49056 0.23176 1
 0.48840 0.23704 1
 0.50036 0.24192 1
 0.49833 0.24688 1
 0.50931 0.25136 1
 0.50740 0.25604 1
 0.51758 0.26019 1
 0.51577 0.26462 1
 0.52525 0.26849 1
 0.52352 0.27272 1
 0.53241 0.27634 1
 0.53077 0.28038 1
 0.53914 0.28380 1
 0.53756 0.28766 1
 0.54548 0.29090 1
 0.54397 0.29461 1
 0.55148 0.29768 1
 0.55002 0.30126 1
 0.55718 0.30418 1
 0.55577 0.30763 1
 0.56260 0.31042 1
 0.56124 0.31376 1
 0.56778 0.31643 1
 0.56646 0.31967 1
 0.57273 0.32223 1
 0.57145 0.32537 1
 0.57748 0.32783 1
 0.57624 0.33087 1
 0.58204 0.33324 1
 0.58083 0.33620 1
 0.58643 0.33849 1
 0.58525 0.34137 1
 0.59065 0.34358 1
 0.58951 0.34639 1
 0.59473 0.34852 1
 0.59362 0.35126 1
 0.59868 0.35333 1
 0.59758 0.35600 1
 0.60249 0.35801 1
 0.60142 0.36062 1
 0.60618 0.36256 1
 0.60514 0.36512 1
 0.60977 0.36701 1
 0.60875 0.36951 1
 0.61324 0.37134 1
 0.61224 0.37379 1
 0.61662 0.37557 1
 0.61564 0.37797 1
 0.61990 0.37971 1
 0.61895 0.38206 1
 0.62310 0.38376 1
 0.62216 0.38606 1
 0.62621 0.38771 1
 0.62529 0.38997 1
 0.62924 0.39159 1
 0.62834 0.39381 1
 0.63220 0.39538 1
 0.63131 0.39756 1
 0.63509 0.39910 1
 0.63422 0.40125 1
 0.63791 0.40275 1
 0.63705 0.40486 1
 0.64066 0.40633 1
 0.63982 0.40840 1
 0.64335 0.40984 1
 0.64252 0.41188 1
 0.64598 0.41329 1
 0.64517 0.41529 1
 0.64856 0.41668 1
 0.64776 0.41865 1
 0.65108 0.42001 1
 0.65029 0.42195 1
 0.65355 0.42328 1
 0.65277 0.42519 1
 0.65597 0.42649 1
 0.65521 0.42838 1
 0.65835 0.42966 1
 0.65759 0.43151 1
 0.66067 0.43277 1
 0.65993 0.43460 1
 0.66296 0.43584 1
 0.66222 0.43764 1
 0.66520 0.43885 1
 0.66447 0.44063 1
 0.66739 0.44183 1
 0.66668 0.44358 1
 0.66955 0.44475 1
 0.66885 0.44648 1
 0.67168 0.44764 1
 0.67098 0.44935 1
 0.67376 0.45048 1
 0.67307 0.45217 1
 0.67581 0.45328 1
 0.67513 0.45495 1
 0.67783 0.45605 1
 0.67716 0.45769 1
 0.67981 0.45877 1
 0.67915 0.46040 1
 0.68176 0.46146 1
 0.68110 0.46307 1
 0.68368 0.46412 1
 0.68303 0.46570 1
 0.68557 0.46673 1
 0.68493 0.46830 1
 0.68742 0.46932 1
 0.68679 0.47087 1
 0.68926 0.47187 1
 0.68863 0.47340 1
 0.69106 0.47439 1
 0.69044 0.47590 1
 0.69284 0.47688 1
 0.69223 0.47837 1
 0.69459 0.47934 1
 0.69398 0.48082 1
 0.69631 0.48177 1
 0.69572 0.48323 1
 0.69801 0.48417 1
 0.69742 0.48561 1
 0.69969 0.48654 1
 0.69911 0.48797 1
 0.70135 0.48888 1
 0.70077 0.49030 1
 0.70298 0.49120 1
 0.70241 0.49260 1
 0.70459 0.49349 1
 0.70402 0.49488 1
 0.70618 0.49576 1
 0.70562 0.49713 1
 0.70774 0.49800 1
 0.70719 0.49936 1
 0.70929 0.50022 1
 0.70874 0.50156 1
 0.71082 0.50241 1
 0.71028 0.50374 1
 0.71233 0.50458 1
 0.71179 0.50590 1
 0.71382 0.50673 1
 0.71328 0.50803 1
 0.71529 0.50885 1
 0.71476 0.51015 1
 0.71674 0.51095 1
 0.71622 0.51224 1
 0.71818 0.51304 1
 0.71766 0.51431 1
 0.71959 0.51510 1
 0.71908 0.51636 1
 0.72100 0.51714 1
 0.72049 0.51838 1
 0.72238 0.51916 1
 0.72188 0.52039 1
 0.72375 0.52116 1
 0.72325 0.52238 1
 0.72510 0.52314 1
 0.72461 0.52435 1
 0.72644 0.52510 1
 0.72595 0.52630 1
 0.72777 0.52704 1
 0.72728 0.52824 1
 0.72907 0.52897 1
 0.72859 0.53015 1
 0.73037 0.53088 1
 0.72989 0.53205 1
 0.73165 0.53277 1
 0.73117 0.53393 1
 0.73292 0.53464 1
 0.73245 0.53579 1
 0.73417 0.53650 1
 0.73370 0.53764 1
 0.73541 0.53834 1
 0.73495 0.53947 1
 0.73663 0.54016 1
 0.73618 0.54128 1
 0.73785 0.54197 1
 0.73739 0.54308 1
 0.73905 0.54376 1
 0.73860 0.54486 1
 0.74024 0.54553 1
 0.73979 0.54663 1
 0.74142 0.54729 1
 0.74097 0.54838 1
 0.74258 0.54904 1
 0.74214 0.55012 1
 0.74374 0.55077 1
 0.74330 0.55184 1
 0.74488 0.55249 1
 0.74445 0.55355 1
 0.74601 0.55419 1
 0.74558 0.55525 1
 0.74713 0.55588 1
 0.74671 0.55693 1
 0.74824 0.55755 1
 0.74782 0.55859 1
 0.74934 0.55922 1
 0.74892 0.56025 1
 0.75043 0.56086 1
 0.75001 0.56189 1
 0.75151 0.56250 1
 0.75110 0.56351 1
 0.75258 0.56412 1
 0.75217 0.56513 1
 0.75364 0.56573 1
 0.75323 0.56673 1
 0.75469 0.56733 1
 0.75428 0.56832 1
 0.75573 0.56891 1
 0.75533 0.56990 1
 0.75676 0.57048 1
 0.75636 0.57146 1
 0.75778 0.57205 1
 0.75738 0.57302 1
 0.75879 0.57359 1
 0.75840 0.57456 1
 0.75980 0.57513 1
 0.75941 0.57609 1
 0.76079 0.57666 1
 0.76040 0.57761 1
 0.76178 0.57817 1
 0.76139 0.57912 1
 0.76276 0.57968 1
 0.76237 0.58062 1
 0.76373 0.58117 1
 0.76335 0.58210 1
 0.76469 0.58265 1
 0.76431 0.58358 1
 0.76564 0.58412 1
 0.76527 0.58504 1
 0.76659 0.58558 1
 0.76621 0.58650 1
 0.76753 0.58703 1
 0.76715 0.58794 1
 0.76846 0.58847 1
 0.76809 0.58938 1
 0.76938 0.58990 1
 0.76901 0.59080 1
 0.77029 0.59132 1
 0.76993 0.59221 1
 0.77120 0.59273 1
 0.77084 0.59362 1
 0.77210 0.59413 1
 0.77174 0.59501 1
 0.77299 0.59553 1
 0.77264 0.59640 1
 0.77388 0.59691 1
 0.77353 0.59778 1
 0.77476 0.59828 1
 0.77441 0.59914 1
 0.77563 0.59964 1
 0.77528 0.60050 1
 0.77650 0.60100 1
 0.77615 0.60185 1
 0.77736 0.60234 1
 0.77701 0.60319 1
 0.77821 0.60368 1
 0.77787 0.60452 1
 0.77906 0.60501 1
 0.77871 0.60584 1
 0.77990 0.60633 1
 0.77956 0.60716 1
 0.78073 0.60764 1
 0.78039 0.60846 1
 0.78156 0.60894 1
 0.78122 0.60976 1
 0.78238 0.61023 1
 0.78204 0.61105 1
 0.78319 0.61152 1
 0.78286 0.61233 1
 0.78400 0.61280 1
 0.78367 0.61360 1
 0.78481 0.61407 1
 0.78448 0.61487 1
 0.78560 0.61533 1
 0.78528 0.61613 1
 0.78639 0.61658 1
 0.78607 0.61738 1
 0.78718 0.61783 1
 0.78686 0.61862 1
 0.78796 0.61907 1
 0.78764 0.61985 1
 0.78874 0.62030 1
 0.78842 0.62108 1
 0.78951 0.62152 1
 0.78919 0.62230 1
 0.79027 0.62274 1
 0.78996 0.62351 1
 0.79103 0.62395 1
 0.79072 0.62471 1
 0.79178 0.62515 1
 0.79147 0.62591 1
 0.79253 0.62634 1
 0.79222 0.62710 1
 0.79327 0.62753 1
 0.79297 0.62828 1
 0.79401 0.62871 1
 0.79371 0.62946 1
 0.79475 0.62988 1
 0.79444 0.63063 1
 0.79547 0.63105 1
 0.79517 0.63179 1
 0.79620 0.63221 1
 0.79590 0.63295 1
 0.79692 0.63336 1
 0.79662 0.63410 1
 0.79763 0.63451 1
 0.79733 0.63524 1
 0.79834 0.63565 1
 0.79804 0.63638 1
 0.79905 0.63678 1
 0.79875 0.63751 1
 0.79975 0.63791 1
 0.79945 0.63863 1
 0.80044 0.63903 1
 0.80015 0.63975 1
 0.80113 0.64015 1
 0.80084 0.64086 1
 0.80182 0.64126 1
 0.80153 0.64196 1
 0.80250 0.64236 1
 0.80221 0.64306 1
 0.80318 0.64345 1
 0.80289 0.64415 1
 0.80385 0.64454 1
 0.80357 0.64524 1
 0.80452 0.64563 1
 0.80424 0.64632 1
 0.80519 0.64671 1
 0.80491 0.64739 1
 0.80585 0.64778 1
 0.80557 0.64846 1
 0.80651 0.64884 1
 0.80623 0.64953 1
 0.80716 0.64991 1
 0.80688 0.65058 1
 0.80781 0.65096 1
 0.80753 0.65163 1
 0.80845 0.65201 1
 0.80818 0.65268 1
 0.80909 0.65305 1
 0.80882 0.65372 1
 0.80973 0.65409 1
 0.80946 0.65476 1
 0.81036 0.65513 1
 0.81009 0.65579 1
 0.81099 0.65615 1
 0.81073 0.65681 1
 0.81162 0.65718 1
 0.81135 0.65783 1
 0.81224 0.65819 1
 0.81198 0.65884 1
 0.81286 0.65920 1
 0.81260 0.65985 1
 0.81347 0.66021 1
 0.81321 0.66085 1
 0.81409 0.66121 1
 0.81382 0.66185 1
 0.81469 0.66221 1
 0.81443 0.66285 1
 0.81530 0.66320 1
 0.81504 0.66383 1
 0.81590 0.66418 1
 0.81564 0.66482 1
 0.81649 0.66517 1
 0.81624 0.66579 1
 0.81709 0.66614 1
 0.81683 0.66677 1
 0.81768 0.66711 1
 0.81742 0.66774 1
 0.81827 0.66808 1
 0.81801 0.66870 1
 0.81885 0.66904 1
 0.81860 0.66966 1
 0.81943 0.67000 1
 0.81918 0.67061 1
 0.82001 0.67095 1
 0.81976 0.67156 1
 0.82058 0.67190 1
 0.82033 0.67250 1
 0.82115 0.67284 1
 0.82090 0.67344 1
 0.82172 0.67378 1
 0.82147 0.67438 1
 0.82228 0.67471 1
 0.82204 0.67531 1
 0.82284 0.67564 1
 0.82260 0.67624 1
 0.82340 0.67656 1
 0.82316 0.67716 1
 0.82396 0.67748 1
 0.82372 0.67808 1
 0.82451 0.67840 1
 0.82427 0.67899 1
 0.82506 0.67931 1
 0.82482 0.67990 1
 0.82560 0.68022 1
 0.82537 0.68080 1
 0.82615 0.68112 1
 0.82591 0.68170 1
 0.82669 0.68202 1
 0.82645 0.68260 1
 0.82722 0.68291 1
 0.82699 0.68349 1
 0.82776 0.68380 1
 0.82752 0.68438 1
 0.82829 0.68469 1
 0.82806 0.68526 1
 0.82882 0.68557 1
 0.82859 0.68614 1
 0.82935 0.68645 1
 0.82911 0.68702 1
 0.82987 0.68732 1
 0.82964 0.68789 1
 0.83039 0.68819 1
 0.83016 0.68875 1
 0.83091 0.68906 1
 0.83068 0.68962 1
 0.83142 0.68992 1
 0.83120 0.69048 1
 0.83194 0.69078 1
 0.83171 0.69133 1
 0.83244 0.69163 1
 0.83222 0.69218 1
 0.83295 0.69248 1
 0.83273 0.69303 1
 0.83346 0.69333 1
 0.83323 0.69387 1
 0.83396 0.69417 1
 0.83374 0.69471 1
 0.83446 0.69501 1
 0.83424 0.69555 1
 0.83496 0.69584 1
 0.83474 0.69638 1
 0.83545 0.69667 1
 0.83523 0.69721 1
 0.83594 0.69750 1
 0.83572 0.69804 1
 0.83643 0.69833 1
 0.83621 0.69886 1
 0.83692 0.69915 1
 0.83670 0.69968 1
 0.83740 0.69996 1
 0.83719 0.70049 1
 0.83789 0.70077 1
 0.83767 0.70130 1
 0.83837 0.70158 1
 0.83815 0.70211 1
 0.83884 0.70239 1
 0.83863 0.70291 1
 0.83932 0.70319 1
 0.83911 0.70371 1
 0.83979 0.70399 1
 0.83958 0.70451 1
 0.84026 0.70479 1
 0.84005 0.70530 1
 0.84073 0.70558 1
 0.84052 0.70609 1
 0.84120 0.70637 1
 0.84099 0.70688 1
 0.84166 0.70715 1
 0.84145 0.70766 1
 0.84212 0.70793 1
 0.84192 0.70844 1
 0.84258 0.70871 1
 0.84238 0.70922 1
 0.84304 0.70949 1
 0.84283 0.70999 1
 0.84349 0.71026 1
 0.84329 0.71076 1
 0.84395 0.71103 1
 0.84374 0.71153 1
 0.84440 0.71179 1
 0.84420 0.71229 1
 0.84485 0.71256 1
 0.84465 0.71305 1
 0.84529 0.71332 1
 0.84509 0.71381 1
 0.84574 0.71407 1
 0.84554 0.71456 1
 0.84618 0.71482 1
 0.84598 0.71531 1
 0.84662 0.71557 1
 0.84642 0.71606 1
 0.84706 0.71632 1
 0.84686 0.71680 1
 0.84750 0.71706 1
 0.84730 0.71755 1
 0.84793 0.71780 1
 0.84773 0.71828 1
 0.84836 0.71854 1
 0.84817 0.71902 1
 0.84879 0.71928 1
 0.84860 0.71975 1
 0.84922 0.72001 1
 0.84903 0.72048 1
 0.84965 0.72074 1
 0.84945 0.72121 1
 0.85007 0.72146 1
 0.84988 0.72193 1
 0.85049 0.72218 1
 0.85030 0.72265 1
 0.85091 0.72290 1
 0.85072 0.72337 1
 0.85133 0.72362 1
 0.85114 0.72409 1
 0.85175 0.72433 1
 0.85156 0.72480 1
 0.85217 0.72505 1
 0.85198 0.72551 1
 0.85258 0.72575 1
 0.85239 0.72621 1
 0.85299 0.72646 1
 0.85280 0.72692 1
 0.85340 0.72716 1
 0.85321 0.72762 1
 0.85381 0.72786 1
 0.85362 0.72832 1
 0.85421 0.72856 1
 0.85403 0.72901 1
 0.85462 0.72925 1
 0.85443 0.72970 1
 0.85502 0.72994 1
 0.85484 0.73039 1
 0.85542 0.73063 1
 0.85524 0.73108 1
 0.85582 0.73132 1
 0.85564 0.73177 1
 0.85622 0.73200 1
 0.85603 0.73245 1
 0.85661 0.73268 1
 0.85643 0.73313 1
 0.85700 0.73336 1
 0.85682 0.73380 1
 0.85740 0.73404 1
 0.85722 0.73448 1
 0.85779 0.73471 1
 0.85761 0.73515 1
 0.85818 0.73538 1
 0.85800 0.73582 1
 0.85856 0.73605 1
 0.85838 0.73648 1
 0.85895 0.73671 1
 0.85877 0.73715 1
 0.85933 0.73738 1
 0.85915 0.73781 1
 0.85971 0.73804 1
 0.85954 0.73847 1
 0.86009 0.73869 1
 0.85992 0.73912 1
 0.86047 0.73935 1
 0.86030 0.73978 1
 0.86085 0.74000 1
 0.86068 0.74043 1
 0.86123 0.74065 1
 0.86105 0.74108 1
 0.86160 0.74130 1
 0.86143 0.74172 1
 0.86197 0.74195 1
 0.86180 0.74237 1
 0.86234 0.74259 1
 0.86217 0.74301 1
 0.86271 0.74323 1
 0.86254 0.74365 1
 0.86308 0.74387 1
 0.86291 0.74429 1
 0.86345 0.74450 1
 0.86328 0.74492 1
 0.86381 0.74514 1
 0.86364 0.74555 1
 0.86417 0.74577 1
 0.86401 0.74618 1
 0.86454 0.74640 1
 0.86437 0.74681 1
 0.86490 0.74702 1
 0.86473 0.74743 1
 0.86526 0.74765 1
 0.86509 0.74806 1
 0.86561 0.74827 1
 0.86545 0.74868 1
 0.86597 0.74889 1
 0.86580 0.74930 1
 0.86632 0.74951 1
 0.86616 0.74991 1
 0.86668 0.75012 1
 0.86651 0.75053 1
 0.86703 0.75074 1
 0.86686 0.75114 1
 0.86738 0.75135 1
 0.86722 0.75175 1
 0.86773 0.75195 1
 0.86757 0.75235 1
 0.86808 0.75256 1
 0.86791 0.75296 1
 0.86842 0.75317 1
 0.86826 0.75356 1
 0.86877 0.75377 1
 0.86861 0.75416 1
 0.86911 0.75437 1
 0.86895 0.75476 1
 0.86945 0.75496 1
 0.86929 0.75536 1
 0.86979 0.75556 1
 0.86963 0.75595 1
 0.87013 0.75615 1
 0.86997 0.75654 1
 0.87047 0.75674 1
 0.87031 0.75713 1
 0.87081 0.75733 1
 0.87065 0.75772 1
 0.87114 0.75792 1
 0.87098 0.75831 1
 0.87148 0.75851 1
 0.87132 0.75889 1
 0.87181 0.75909 1
 0.87165 0.75947 1
 0.87214 0.75967 1
 0.87198 0.76005 1
 0.87247 0.76025 1
 0.87231 0.76063 1
 0.87280 0.76083 1
 0.87264 0.76120 1
 0.87313 0.76140 1
 0.87297 0.76178 1
 0.87345 0.76197 1
 0.87330 0.76235 1
 0.87378 0.76254 1
 0.87362 0.76292 1
 0.87410 0.76311 1
 0.87395 0.76349 1
 0.87442 0.76368 1
 0.87427 0.76405 1
 0.87475 0.76425 1
 0.87459 0.76462 1
 0.87507 0.76481 1
 0.87491 0.76518 1
 0.87538 0.76537 1
 0.87523 0.76574 1
 0.87570 0.76593 1
 0.87555 0.76630 1
 0.87602 0.76649 1
 0.87587 0.76685 1
 0.87633 0.76704 1
 0.87618 0.76741 1
 0.87665 0.76759 1
 0.87650 0.76796 1
 0.87696 0.76815 1
 0.87681 0.76851 1
 0.87727 0.76870 1
 0.87713 0.76906 1
 0.87758 0.76924 1
 0.87744 0.76960 1
 0.87789 0.76979 1
 0.87775 0.77015 1
 0.87820 0.77033 1
 0.87805 0.77069 1
 0.87851 0.77088 1
 0.87836 0.77123 1
 0.87881 0.77142 1
 0.87867 0.77177 1
 0.87912 0.77195 1
 0.87897 0.77231 1
 0.87942 0.77249 1
 0.87928 0.77284 1
 0.87973 0.77303 1
 0.87958 0.77338 1
 0.88003 0.77356 1
 0.87988 0.77391 1
 0.88033 0.77409 1
 0.88018 0.77444 1
 0.88063 0.77462 1
 0.88048 0.77497 1
 0.88092 0.77515 1
 0.88078 0.77550 1
 0.88122 0.77567 1
 0.88108 0.77602 1
 0.88152 0.77620 1
 0.88138 0.77654 1
 0.88181 0.77672 1
 0.88167 0.77707 1
 0.88211 0.77724 1
 0.88197 0.77758 1
 0.88240 0.77776 1
 0.88226 0.77810 1
 0.88269 0.77828 1
 0.88255 0.77862 1
 0.88298 0.77879 1
 0.88284 0.77913 1
 0.88327 0.77931 1
 0.88313 0.77965 1
 0.88356 0.77982 1
 0.88342 0.78016 1
 0.88385 0.78033 1
 0.88371 0.78067 1
 0.88413 0.78084 1
 0.88400 0.78118 1
 0.88442 0.78135 1
 0.88428 0.78168 1
 0.88470 0.78185 1
 0.88457 0.78219 1
 0.88499 0.78236 1
 0.88485 0.78269 1
 0.88527 0.78286 1
 0.88514 0.78319 1
 0.88555 0.78336 1
 0.88542 0.78369 1
 0.88583 0.78386 1
 0.88570 0.78419 1
 0.88611 0.78436 1
 0.88598 0.78469 1
 0.88639 0.78486 1
 0.88626 0.78518 1
 0.88667 0.78535 1
 0.88653 0.78568 1
 0.88694 0.78584 1
 0.88681 0.78617 1
 0.88722 0.78633 1
 0.88709 0.78666 1
 0.88749 0.78682 1
 0.88736 0.78715 1
 0.88777 0.78731 1
 0.88764 0.78763 1
 0.88804 0.78780 1
 0.88791 0.78812 1
 0.88831 0.78828 1
 0.88818 0.78860 1
 0.88858 0.78877 1
 0.88845 0.78909 1
 0.88885 0.78925 1
 0.88872 0.78957 1
 0.88912 0.78973 1
 0.88899 0.79005 1
 0.88939 0.79021 1
 0.88926 0.79052 1
 0.88966 0.79069 1
 0.88953 0.79100 1
 0.88992 0.79116 1
 0.88980 0.79148 1
 0.89019 0.79164 1
 0.89006 0.79195 1
 0.89045 0.79211 1
 0.89033 0.79242 1
 0.89072 0.79258 1
 0.89059 0.79289 1
 0.89098 0.79305 1
 0.89085 0.79336 1
 0.89124 0.79352 1
 0.89112 0.79383 1
 0.89150 0.79399 1
 0.89138 0.79430 1
 0.89176 0.79445 1
 0.89164 0.79476 1
 0.89202 0.79492 1
 0.89190 0.79522 1
 0.89228 0.79538 1
 0.89215 0.79569 1
 0.89254 0.79584 1
 0.89241 0.79615 1
 0.89279 0.79630 1
 0.89267 0.79660 1
 0.89305 0.79676 1
 0.89293 0.79706 1
 0.89330 0.79722 1
 0.89318 0.79752 1
 0.89356 0.79767 1
 0.89343 0.79797 1
 0.89381 0.79813 1
 0.89369 0.79843 1
 0.89406 0.79858 1
 0.89394 0.79888 1
 0.89431 0.79903 1
 0.89419 0.79933 1
 0.89456 0.79948 1
 0.89444 0.79978 1
 0.89481 0.79993 1
 0.89469 0.80023 1
 0.89506 0.80038 1
 0.89494 0.80067 1
 0.89531 0.80082 1
 0.89519 0.80112 1
 0.89556 0.80127 1
 0.89544 0.80156 1
 0.89580 0.80171 1
 0.89568 0.80200 1
 0.89605 0.80215 1
 0.89593 0.80245 1
 0.89629 0.80259 1
 0.89618 0.80289 1
 0.89654 0.80303 1
 0.89642 0.80332 1
 0.89678 0.80347 1
 0.89666 0.80376 1
 0.89702 0.80391 1
 0.89691 0.80420 1
 0.89727 0.80434 1
 0.89715 0.80463 1
 0.89751 0.80478 1
 0.89739 0.80507 1
 0.89775 0.80521 1
 0.89763 0.80550 1
 0.89799 0.80564 1
 0.89787 0.80593 1
 0.89822 0.80607 1
 0.89811 0.80636 1
 0.89846 0.80650 1
 0.89835 0.80679 1
 0.89870 0.80693 1
 0.89858 0.80721 1
 0.89893 0.80736 1
 0.89882 0.80764 1
 0.89917 0.80778 1
 0.89905 0.80806 1
 0.89940 0.80820 1
 0.89929 0.80849 1
 0.89964 0.80863 1
 0.89952 0.80891 1
 0.89987 0.80905 1
 0.89976 0.80933 1
 0.90010 0.80947 1
 0.89999 0.80975 1
 0.90034 0.80989 1
 0.90022 0.81016 1
 0.90057 0.81031 1
 0.90045 0.81058 1
 0.90080 0.81072 1
 0.90068 0.81100 1
 0.90103 0.81114 1
 0.90091 0.81141 1
 0.90125 0.81155 1
 0.90114 0.81183 1
 0.90148 0.81196 1
 0.90137 0.81224 1
 0.90171 0.81238 1
 0.90160 0.81265 1
 0.90194 0.81279 1
 0.90182 0.81306 1
 0.90216 0.81319 1
 0.90205 0.81347 1
 0.90239 0.81360 1
 0.90228 0.81387 1
 0.90261 0.81401 1
 0.90250 0.81428 1
 0.90283 0.81442 1
 0.90273 0.81468 1
 0.90306 0.81482 1
 0.90295 0.81509 1
 0.90328 0.81522 1
 0.90317 0.81549 1
 0.90350 0.81563 1
 0.90339 0.81589 1
 0.90372 0.81603 1
 0.90361 0.81629 1
 0.90394 0.81643 1
 0.90383 0.81669 1
 0.90416 0.81682 1
 0.90405 0.81709 1
 0.90438 0.81722 1
 0.90427 0.81749 1
 0.90460 0.81762 1
 0.90449 0.81788 1
 0.90482 0.81801 1
 0.90471 0.81828 1
 0.90503 0.81841 1
 0.90493 0.81867 1
 0.90525 0.81880 1
 0.90514 0.81906 1
 0.90546 0.81919 1
 0.90536 0.81945 1
 0.90568 0.81958 1
 0.90557 0.81984 1
 0.90589 0.81997 1
 0.90579 0.82023 1
 0.90611 0.82036 1
 0.90600 0.82062 1
 0.90632 0.82075 1
 0.90622 0.82101 1
 0.90653 0.82114 1
 0.90643 0.82139 1
 0.90674 0.82152 1
 0.90664 0.82178 1
 0.90695 0.82190 1
 0.90685 0.82216 1
 0.90716 0.82229 1
 0.90706 0.82254 1
 0.90737 0.82267 1
 0.90727 0.82292 1
 0.90758 0.82305 1
 0.90748 0.82330 1
 0.90779 0.82343 1
 0.90769 0.82368 1
 0.90800 0.82381 1
 0.90790 0.82406 1
 0.90821 0.82419 1
 0.90810 0.82444 1
 0.90841 0.82456 1
 0.90831 0.82481 1
 0.90862 0.82494 1
 0.90852 0.82519 1
 0.90882 0.82531 1
 0.90872 0.82556 1
 0.90903 0.82569 1
 0.90893 0.82593 1
 0.90923 0.82606 1
 0.90913 0.82631 1
 0.90944 0.82643 1
 0.90933 0.82668 1
 0.90964 0.82680 1
 0.90954 0.82705 1
 0.90984 0.82717 1
 0.90974 0.82742 1
 0.91004 0.82754 1
 0.90994 0.82778 1
 0.91024 0.82791 1
 0.91014 0.82815 1
 0.91044 0.82827 1
 0.91034 0.82852 1
 0.91064 0.82864 1
 0.91054 0.82888 1
 0.91084 0.82900 1
 0.91074 0.82924 1
 0.91104 0.82937 1
 0.91094 0.82961 1
 0.91124 0.82973 1
 0.91114 0.82997 1
 0.91144 0.83009 1
 0.91134 0.83033 1
 0.91163 0.83045 1
 0.91153 0.83069 1
 0.91183 0.83081 1
 0.91173 0.83105 1
 0.91202 0.83117 1
 0.91193 0.83140 1
 0.91222 0.83152 1
 0.91212 0.83176 1
 0.91241 0.83188 1
 0.91232 0.83212 1
 0.91261 0.83224 1
 0.91251 0.83247 1
 0.91280 0.83259 1
 0.91270 0.83283 1
 0.91299 0.83294 1
 0.91290 0.83318 1
 0.91319 0.83330 1
 0.91309 0.83353 1
 0.91338 0.83365 1
 0.91328 0.83388 1
 0.91357 0.83400 1
 0.91347 0.83423 1
 0.91376 0.83435 1
 0.91366 0.83458 1
 0.91395 0.83470 1
 0.91385 0.83493 1
 0.91414 0.83504 1
 0.91404 0.83528 1
 0.91433 0.83539 1
 0.91423 0.83562 1
 0.91452 0.83574 1
 0.91442 0.83597 1
 0.91470 0.83608 1
 0.91461 0.83631 1
 0.91489 0.83643 1
 0.91480 0.83665 1
 0.91508 0.83677 1
 0.91498 0.83700 1
 0.91526 0.83711 1
 0.91517 0.83734 1
 0.91545 0.83745 1
 0.91536 0.83768 1
 0.91563 0.83779 1
 0.91554 0.83802 1
 0.91582 0.83813 1
 0.91573 0.83836 1
 0.91600 0.83847 1
 0.91591 0.83870 1
 0.91619 0.83881 1
 0.91609 0.83903 1
 0.91637 0.83914 1
 0.91628 0.83937 1
 0.91655 0.83948 1
 0.91646 0.83970 1
 0.91673 0.83982 1
 0.91664 0.84004 1
 0.91691 0.84015 1
 0.91682 0.84037 1
 0.91710 0.84048 1
 0.91700 0.84070 1
 0.91728 0.84081 1
 0.91719 0.84104 1
 0.91746 0.84115 1
 0.91737 0.84137 1
 0.91763 0.84148 1
 0.91755 0.84170 1
 0.91781 0.84181 1
 0.91772 0.84203 1
 0.91799 0.84213 1
 0.91790 0.84235 1
 0.91817 0.84246 1
 0.91808 0.84268 1
 0.91835 0.84279 1
 0.91826 0.84301 1
 0.91852 0.84312 1
 0.91844 0.84333 1
 0.91870 0.84344 1
 0.91861 0.84366 1
 0.91888 0.84377 1
 0.91879 0.84398 1
 0.91905 0.84409 1
 0.91896 0.84430 1
 0.91923 0.84441 1
 0.91914 0.84463 1
 0.91940 0.84473 1
 0.91931 0.84495 1
 0.91957 0.84505 1
 0.91949 0.84527 1
 0.91975 0.84537 1
 0.91966 0.84559 1
 0.91992 0.84569 1
 0.91983 0.84591 1
 0.92009 0.84601 1
 0.92001 0.84622 1
 0.92026 0.84633 1
 0.92018 0.84654 1
 0.92044 0.84665 1
 0.92035 0.84686 1
 0.92061 0.84696 1
 0.92052 0.84717 1
 0.92078 0.84728 1
 0.92069 0.84749 1
 0.92095 0.84759 1
 0.92086 0.84780 1
 0.92112 0.84791 1
 0.92103 0.84812 1
 0.92129 0.84822 1
 0.92120 0.84843 1
 0.92145 0.84853 1
 0.92137 0.84874 1
 0.92162 0.84884 1
 0.92154 0.84905 1
 0.92179 0.84915 1
 0.92171 0.84936 1
 0.92196 0.84946 1
 0.92187 0.84967 1
 0.92212 0.84977 1
 0.92204 0.84998 1
 0.92229 0.85008 1
 0.92221 0.85028 1
 0.92246 0.85039 1
 0.92237 0.85059 1
 0.92262 0.85069 1
 0.92254 0.85090 1
 0.92279 0.85100 1
 0.92270 0.85120 1
 0.92295 0.85130 1
 0.92287 0.85151 1
 0.92312 0.85161 1
 0.92303 0.85181 1
 0.92328 0.85191 1
 0.92320 0.85211 1
 0.92344 0.85221 1
 0.92336 0.85241 1
 0.92360 0.85251 1
 0.92352 0.85272 1
 0.92377 0.85282 1
 0.92368 0.85302 1
 0.92393 0.85312 1
 0.92385 0.85332 1
 0.92409 0.85342 1
 0.92401 0.85361 1
 0.92425 0.85371 1
 0.92417 0.85391 1
 0.92441 0.85401 1
 0.92433 0.85421 1
 0.92457 0.85431 1
 0.92449 0.85451 1
 0.92473 0.85461 1
 0.92465 0.85480 1
 0.92489 0.85490 1
 0.92481 0.85510 1
 0.92505 0.85520 1
 0.92497 0.85539 1
 0.92521 0.85549 1
 0.92513 0.85569 1
 0.92537 0.85578 1
 0.92529 0.85598 1
 0.92552 0.85608 1
 0.92544 0.85627 1
 0.92568 0.85637 1
 0.92560 0.85656 1
 0.92584 0.85666 1
 0.92576 0.85685 1
 0.92599 0.85695 1
 0.92591 0.85714 1
 0.92615 0.85724 1
 0.92607 0.85743 1
 0.92630 0.85753 1
 0.92622 0.85772 1
 0.92646 0.85782 1
 0.92638 0.85801 1
 0.92661 0.85810 1
 0.92653 0.85830 1
 0.92677 0.85839 1
 0.92669 0.85858 1
 0.92692 0.85868 1
 0.92684 0.85887 1
 0.92707 0.85896 1
 0.92700 0.85915 1
 0.92723 0.85925 1
 0.92715 0.85944 1
 0.92738 0.85953 1
 0.92730 0.85972 1
 0.92753 0.85981 1
 0.92745 0.86000 1
 0.92768 0.86010 1
 0.92761 0.86029 1
 0.92783 0.86038 1
 0.92776 0.86057 1
 0.92799 0.86066 1
 0.92791 0.86085 1
 0.92814 0.86094 1
 0.92806 0.86113 1
 0.92829 0.86122 1
 0.92821 0.86141 1
 0.92844 0.86150 1
 0.92836 0.86169 1
 0.92859 0.86178 1
 0.92851 0.86196 1
 0.92873 0.86206 1
 0.92866 0.86224 1
 0.92888 0.86233 1
 0.92881 0.86252 1
 0.92903 0.86261 1
 0.92896 0.86279 1
 0.92918 0.86288 1
 0.92910 0.86307 1
 0.92933 0.86316 1
 0.92925 0.86334 1
 0.92947 0.86343 1
 0.92940 0.86362 1
 0.92962 0.86371 1
 0.92954 0.86389 1
 0.92977 0.86398 1
 0.92969 0.86416 1
 0.92991 0.86425 1
 0.92984 0.86443 1
 0.93006 0.86452 1
 0.92998 0.86471 1
 0.93020 0.86479 1
 0.93013 0.86498 1
 0.93035 0.86507 1
 0.93027 0.86525 1
 0.93049 0.86533 1
 0.93042 0.86551 1
 0.93063 0.86560 1
 0.93056 0.86578 1
 0.93078 0.86587 1
 0.93071 0.86605 1
 0.93092 0.86614 1
 0.93085 0.86632 1
 0.93106 0.86641 1
 0.93099 0.86659 1
 0.93121 0.86667 1
 0.93113 0.86685 1
 0.93135 0.86694 1
 0.93128 0.86712 1
 0.93149 0.86720 1
 0.93142 0.86738 1
 0.93163 0.86747 1
 0.93156 0.86764 1
 0.93177 0.86773 1
 0.93170 0.86791 1
 0.93191 0.86799 1
 0.93184 0.86817 1
 0.93205 0.86826 1
 0.93198 0.86843 1
 0.93219 0.86852 1
 0.93212 0.86869 1
 0.93233 0.86878 1
 0.93226 0.86895 1
 0.93247 0.86904 1
 0.93240 0.86922 1
 0.93261 0.86930 1
 0.93254 0.86947 1
 0.93275 0.86956 1
 0.93268 0.86973 1
 0.93289 0.86982 1
 0.93282 0.86999 1
 0.93303 0.87008 1
 0.93295 0.87025 1
 0.93316 0.87033 1
 0.93309 0.87051 1
 0.93330 0.87059 1
 0.93323 0.87076 1
 0.93344 0.87085 1
 0.93337 0.87102 1
 0.93357 0.87110 1
 0.93350 0.87127 1
 0.93371 0.87136 1
 0.93364 0.87153 1
 0.93384 0.87161 1
 0.93378 0.87178 1
 0.93398 0.87187 1
 0.93391 0.87204 1
 0.93411 0.87212 1
 0.93405 0.87229 1
 0.93425 0.87237 1
 0.93418 0.87254 1
 0.93438 0.87262 1
 0.93431 0.87279 1
 0.93452 0.87287 1
 0.93445 0.87304 1
 0.93465 0.87313 1
 0.93458 0.87329 1
 0.93478 0.87338 1
 0.93472 0.87354 1
 0.93492 0.87363 1
 0.93485 0.87379 1
 0.93505 0.87387 1
 0.93498 0.87404 1
 0.93518 0.87412 1
 0.93511 0.87429 1
 0.93531 0.87437 1
 0.93525 0.87454 1
 0.93545 0.87462 1
 0.93538 0.87478 1
 0.93558 0.87486 1
 0.93551 0.87503 1
 0.93571 0.87511 1
 0.93564 0.87527 1
 0.93584 0.87536 1
 0.93577 0.87552 1
 0.93597 0.87560 1
 0.93590 0.87576 1
 0.93610 0.87584 1
 0.93603 0.87601 1
 0.93623 0.87609 1
 0.93616 0.87625 1
 0.93636 0.87633 1
 0.93629 0.87649 1
 0.93649 0.87657 1
 0.93642 0.87674 1
 0.93662 0.87682 1
 0.93655 0.87698 1
 0.93674 0.87706 1
 0.93668 0.87722 1
 0.93687 0.87730 1
 0.93681 0.87746 1
 0.93700 0.87754 1
 0.93693 0.87770 1
 0.93713 0.87778 1
 0.93706 0.87794 1
 0.93725 0.87802 1
 0.93719 0.87818 1
 0.93738 0.87826 1
 0.93732 0.87842 1
 0.93751 0.87849 1
 0.93744 0.87865 1
 0.93763 0.87873 1
 0.93757 0.87889 1
 0.93776 0.87897 1
 0.93769 0.87913 1
 0.93788 0.87920 1
 0.93782 0.87936 1
 0.93801 0.87944 1
 0.93795 0.87960 1
 0.93813 0.87968 1
 0.93807 0.87983 1
 0.93826 0.87991 1
 0.93820 0.88007 1
 0.93838 0.88014 1
 0.93832 0.88030 1
 0.93851 0.88038 1
 0.93844 0.88053 1
 0.93863 0.88061 1
 0.93857 0.88077 1
 0.93875 0.88084 1
 0.93869 0.88100 1
 0.93888 0.88108 1
 0.93881 0.88123 1
 0.93900 0.88131 1
 0.93894 0.88146 1
 0.93912 0.88154 1
 0.93906 0.88169 1
 0.93924 0.88177 1
 0.93918 0.88192 1
 0.93937 0.88200 1
 0.93930 0.88215 1
 0.93949 0.88223 1
 0.93943 0.88238 1
 0.93961 0.88246 1
 0.93955 0.88261 1
 0.93973 0.88268 1
 0.93967 0.88284 1
 0.93985 0.88291 1
 0.93979 0.88306 1
 0.93997 0.88314 1
 0.93991 0.88329 1
 0.94009 0.88337 1
 0.94003 0.88352 1
 0.94021 0.88359 1
 0.94015 0.88374 1
 0.94033 0.88382 1
 0.94027 0.88397 1
 0.94045 0.88404 1
 0.94039 0.88419 1
 0.94057 0.88427 1
 0.94051 0.88442 1
 0.94069 0.88449 1
 0.94063 0.88464 1
 0.94081 0.88471 1
 0.94074 0.88486 1
 0.94092 0.88494 1
 0.94086 0.88509 1
 0.94104 0.88516 1
 0.94098 0.88531 1
 0.94116 0.88538 1
 0.94110 0.88553 1
 0.94128 0.88560 1
 0.94122 0.88575 1
 0.94139 0.88582 1
 0.94133 0.88597 1
 0.94151 0.88604 1
 0.94145 0.88619 1
 0.94163 0.88626 1
 0.94157 0.88641 1
 0.94174 0.88648 1
 0.94168 0.88663 1
 0.94186 0.88670 1
 0.94180 0.88685 1
 0.94197 0.88692 1
 0.94191 0.88707 1
 0.94209 0.88714 1
 0.94203 0.88729 1
 0.94220 0.88736 1
 0.94214 0.88750 1
 0.94232 0.88757 1
 0.94226 0.88772 1
 0.94243 0.88779 1
 0.94237 0.88794 1
 0.94255 0.88801 1
 0.94249 0.88815 1
 0.94266 0.88822 1
 0.94260 0.88837 1
 0.94277 0.88844 1
 0.94272 0.88858 1
 0.94289 0.88865 1
 0.94283 0.88880 1
 0.94300 0.88887 1
 0.94294 0.88901 1
 0.94311 0.88908 1
 0.94306 0.88922 1
 0.94323 0.88929 1
 0.94317 0.88943 1
 0.94334 0.88950 1
 0.94328 0.88965 1
 0.94345 0.88972 1
 0.94339 0.88986 1
 0.94356 0.88993 1
 0.94350 0.89007 1
 0.94367 0.89014 1
 0.94362 0.89028 1
 0.94378 0.89035 1
 0.94373 0.89049 1
 0.94390 0.89056 1
 0.94384 0.89070 1
 0.94401 0.89077 1
 0.94395 0.89091 1
 0.94412 0.89098 1
 0.94406 0.89112 1
 0.94423 0.89119 1
 0.94417 0.89133 1
 0.94434 0.89140 1
 0.94428 0.89154 1
 0.94445 0.89160 1
 0.94439 0.89174 1
 0.94456 0.89181 1
 0.94450 0.89195 1
 0.94466 0.89202 1
 0.94461 0.89216 1
 0.94477 0.89222 1
 0.94472 0.89236 1
 0.94488 0.89243 1
 0.94483 0.89257 1
 0.94499 0.89264 1
 0.94493 0.89277 1
 0.94510 0.89284 1
 0.94504 0.89298 1
 0.94521 0.89305 1
 0.94515 0.89318 1
 0.94531 0.89325 1
 0.94526 0.89339 1
 0.94542 0.89345 1
 0.94537 0.89359 1
 0.94553 0.89366 1
 0.94547 0.89379 1
 0.94564 0.89386 1
 0.94558 0.89400 1
 0.94574 0.89406 1
 0.94569 0.89420 1
 0.94585 0.89426 1
 0.94579 0.89440 1
 0.94595 0.89446 1
 0.94590 0.89460 1
 0.94606 0.89467 1
 0.94600 0.89480 1
 0.94617 0.89487 1
 0.94611 0.89500 1
 0.94627 0.89507 1
 0.94622 0.89520 1
 0.94638 0.89527 1
 0.94632 0.89540 1
 0.94648 0.89547 1
 0.94643 0.89560 1
 0.94659 0.89566 1
 0.94653 0.89580 1
 0.94669 0.89586 1
 0.94664 0.89600 1
 0.94679 0.89606 1
 0.94674 0.89619 1
 0.94690 0.89626 1
 0.94684 0.89639 1
 0.94700 0.89645 1
 0.94695 0.89659 1
 0.94710 0.89665 1
 0.94705 0.89678 1
 0.94721 0.89685 1
 0.94715 0.89698 1
 0.94731 0.89704 1
 0.94726 0.89717 1
 0.94741 0.89724 1
 0.94736 0.89737 1
 0.94752 0.89743 1
 0.94746 0.89756 1
 0.94762 0.89763 1
 0.94756 0.89776 1
 0.94772 0.89782 1
 0.94767 0.89795 1
 0.94782 0.89801 1
 0.94777 0.89814 1
 0.94792 0.89821 1
 0.94787 0.89834 1
 0.94802 0.89840 1
 0.94797 0.89853 1
 0.94812 0.89859 1
 0.94807 0.89872 1
 0.94823 0.89878 1
 0.94817 0.89891 1
 0.94833 0.89898 1
 0.94827 0.89910 1
 0.94843 0.89917 1
 0.94837 0.89929 1
 0.94853 0.89936 1
 0.94847 0.89949 1
 0.94863 0.89955 1
 0.94857 0.89967 1
 0.94873 0.89974 1
 0.94867 0.89986 1
 0.94883 0.89993 1
 0.94877 0.90005 1
 0.94892 0.90011 1
 0.94887 0.90024 1
 0.94902 0.90030 1
 0.94897 0.90043 1
 0.94912 0.90049 1
 0.94907 0.90062 1
 0.94922 0.90068 1
 0.94917 0.90081 1
 0.94932 0.90087 1
 0.94927 0.90099 1
 0.94942 0.90105 1
 0.94937 0.90118 1
 0.94951 0.90124 1
 0.94946 0.90136 1
 0.94961 0.90143 1
 0.94956 0.90155 1
 0.94971 0.90161 1
 0.94966 0.90174 1
 0.94981 0.90180 1
 0.94976 0.90192 1
 0.94990 0.90198 1
 0.94985 0.90211 1
 0.95000 0.90217 1
 0.94995 0.90229 1
 0.95010 0.90235 1
 0.95005 0.90247 1
 0.95019 0.90253 1
 0.95014 0.90266 1
 0.95029 0.90272 1
 0.95024 0.90284 1
 0.95038 0.90290 1
 0.95033 0.90302 1
 0.95048 0.90308 1
 0.95043 0.90320 1
 0.95058 0.90326 1
 0.95053 0.90339 1
 0.95067 0.90345 1
 0.95062 0.90357 1
 0.95077 0.90363 1
 0.95072 0.90375 1
 0.95086 0.90381 1
 0.95081 0.90393 1
 0.95096 0.90399 1
 0.95091 0.90411 1
 0.95105 0.90417 1
 0.95100 0.90429 1
 0.95114 0.90435 1
 0.95109 0.90447 1
 0.95124 0.90453 1
 0.95119 0.90465 1
 0.95133 0.90471 1
 0.95128 0.90483 1
 0.95142 0.90488 1
 0.95138 0.90500 1
 0.95152 0.90506 1
 0.95147 0.90518 1
 0.95161 0.90524 1
 0.95156 0.90536 1
 0.95170 0.90542 1
 0.95166 0.90554 1
 0.95180 0.90559 1
 0.95175 0.90571 1
 0.95189 0.90577 1
 0.95184 0.90589 1
 0.95198 0.90595 1
 0.95193 0.90607 1
 0.95207 0.90612 1
 0.95202 0.90624 1
 0.95216 0.90630 1
 0.95212 0.90642 1
 0.95226 0.90647 1
 0.95221 0.90659 1
 0.95235 0.90665 1
 0.95230 0.90677 1
 0.95244 0.90682 1
 0.95239 0.90694 1
 0.95253 0.90700 1
 0.95248 0.90711 1
 0.95262 0.90717 1
 0.95257 0.90729 1
 0.95271 0.90734 1
 0.95266 0.90746 1
 0.95280 0.90752 1
 0.95275 0.90763 1
 0.95289 0.90769 1
 0.95284 0.90780 1
 0.95298 0.90786 1
 0.95293 0.90798 1
 0.95307 0.90803 1
 0.95302 0.90815 1
 0.95316 0.90820 1
 0.95311 0.90832 1
 0.95325 0.90837 1
 0.95320 0.90849 1
 0.95334 0.90854 1
 0.95329 0.90866 1
 0.95343 0.90872 1
 0.95338 0.90883 1
 0.95352 0.90889 1
 0.95347 0.90900 1
 0.95361 0.90905 1
 0.95356 0.90917 1
 0.95369 0.90922 1
 0.95365 0.90934 1
 0.95378 0.90939 1
 0.95374 0.90951 1
 0.95387 0.90956 1
 0.95382 0.90967 1
 0.95396 0.90973 1
 0.95391 0.90984 1
 0.95405 0.90990 1
 0.95400 0.91001 1
 0.95413 0.91006 1
 0.95409 0.91018 1
 0.95422 0.91023 1
 0.95417 0.91034 1
 0.95431 0.91040 1
 0.95426 0.91051 1
 0.95439 0.91056 1
 0.95435 0.91068 1
 0.95448 0.91073 1
 0.95444 0.91084 1
 0.95457 0.91090 1
 0.95452 0.91101 1
 0.95465 0.91106 1
 0.95461 0.91117 1
 0.95474 0.91123 1
 0.95469 0.91134 1
 0.95483 0.91139 1
 0.95478 0.91150 1
 0.95491 0.91155 1
 0.95487 0.91167 1
 0.95500 0.91172 1
 0.95495 0.91183 1
 0.95508 0.91188 1
 0.95504 0.91199 1
 0.95517 0.91205 1
 0.95512 0.91216 1
 0.95525 0.91221 1
 0.95521 0.91232 1
 0.95534 0.91237 1
 0.95529 0.91248 1
 0.95542 0.91253 1
 0.95538 0.91264 1
 0.95551 0.91269 1
 0.95546 0.91280 1
 0.95559 0.91286 1
 0.95555 0.91296 1
 0.95567 0.91302 1
 0.95563 0.91313 1
 0.95576 0.91318 1
 0.95571 0.91329 1
 0.95584 0.91334 1
 0.95580 0.91345 1
 0.95592 0.91350 1
 0.95588 0.91361 1
 0.95601 0.91366 1
 0.95596 0.91377 1
 0.95609 0.91382 1
 0.95605 0.91393 1
 0.95617 0.91398 1
 0.95613 0.91408 1
 0.95626 0.91414 1
 0.95621 0.91424 1
 0.95634 0.91429 1
 0.95630 0.91440 1
 0.95642 0.91445 1
 0.95638 0.91456 1
 0.95650 0.91461 1
 0.95646 0.91472 1
 0.95659 0.91477 1
 0.95654 0.91487 1
 0.95667 0.91492 1
 0.95662 0.91503 1
 0.95675 0.91508 1
 0.95671 0.91519 1
 0.95683 0.91524 1
 0.95679 0.91534 1
 0.95691 0.91539 1
 0.95687 0.91550 1
 0.95699 0.91555 1
 0.95695 0.91565 1
 0.95707 0.91571 1
 0.95703 0.91581 1
 0.95715 0.91586 1
 0.95711 0.91596 1
 0.95724 0.91602 1
 0.95719 0.91612 1
 0.95732 0.91617 1
 0.95727 0.91627 1
 0.95740 0.91632 1
 0.95735 0.91643 1
 0.95748 0.91648 1
 0.95743 0.91658 1
 0.95756 0.91663 1
 0.95751 0.91673 1
 0.95764 0.91678 1
 0.95759 0.91689 1
 0.95772 0.91694 1
 0.95767 0.91704 1
 0.95779 0.91709 1
 0.95775 0.91719 1
 0.95787 0.91724 1
 0.95783 0.91735 1
 0.95795 0.91739 1
 0.95791 0.91750 1
 0.95803 0.91755 1
 0.95799 0.91765 1
 0.95811 0.91770 1
 0.95807 0.91780 1
 0.95819 0.91785 1
 0.95815 0.91795 1
 0.95827 0.91800 1
 0.95823 0.91810 1
 0.95835 0.91815 1
 0.95830 0.91825 1
 0.95842 0.91830 1
 0.95838 0.91840 1
 0.95850 0.91845 1
 0.95846 0.91855 1
 0.95858 0.91860 1
 0.95854 0.91870 1
 0.95866 0.91875 1
 0.95862 0.91885 1
 0.95873 0.91890 1
 0.95869 0.91900 1
 0.95881 0.91905 1
 0.95877 0.91915 1
 0.95889 0.91919 1
 0.95885 0.91929 1
 0.95896 0.91934 1
 0.95892 0.91944 1
 0.95904 0.91949 1
 0.95900 0.91959 1
 0.95912 0.91964 1
 0.95908 0.91974 1
 0.95919 0.91978 1
 0.95915 0.91988 1
 0.95927 0.91993 1
 0.95923 0.92003 1
 0.95935 0.92008 1
 0.95931 0.92018 1
 0.95942 0.92022 1
 0.95938 0.92032 1
 0.95950 0.92037 1
 0.95946 0.92047 1
 0.95957 0.92051 1
 0.95953 0.92061 1
 0.95965 0.92066 1
 0.95961 0.92076 1
 0.95972 0.92080 1
 0.95968 0.92090 1
 0.95980 0.92095 1
 0.95976 0.92105 1
 0.95987 0.92109 1
 0.95983 0.92119 1
 0.95995 0.92124 1
 0.95991 0.92133 1
 0.96002 0.92138 1
 0.95998 0.92148 1
 0.96010 0.92152 1
 0.96006 0.92162 1
 0.96017 0.92167 1
 0.96013 0.92176 1
 0.96025 0.92181 1
 0.96021 0.92191 1
 0.96032 0.92195 1
 0.96028 0.92205 1
 0.96039 0.92209 1
 0.96035 0.92219 1
 0.96047 0.92224 1
 0.96043 0.92233 1
 0.96054 0.92238 1
 0.96050 0.92247 1
 0.96061 0.92252 1
 0.96058 0.92262 1
 0.96069 0.92266 1
 0.96065 0.92276 1
 0.96076 0.92280 1
 0.96072 0.92290 1
 0.96083 0.92294 1
 0.96079 0.92304 1
 0.96091 0.92308 1
 0.96087 0.92318 1
 0.96098 0.92322 1
 0.96094 0.92332 1
 0.96105 0.92336 1
 0.96101 0.92346 1
 0.96112 0.92350 1
 0.96109 0.92360 1
 0.96120 0.92364 1
 0.96116 0.92373 1
 0.96127 0.92378 1
 0.96123 0.92387 1
 0.96134 0.92392 1
 0.96130 0.92401 1
 0.96141 0.92406 1
 0.96137 0.92415 1
 0.96148 0.92419 1
 0.96144 0.92429 1
 0.96155 0.92433 1
 0.96152 0.92442 1
 0.96163 0.92447 1
 0.96159 0.92456 1
 0.96170 0.92461 1
 0.96166 0.92470 1
 0.96177 0.92474 1
 0.96173 0.92484 1
 0.96184 0.92488 1
 0.96180 0.92497 1
 0.96191 0.92502 1
 0.96187 0.92511 1
 0.96198 0.92515 1
 0.96194 0.92524 1
 0.96205 0.92529 1
 0.96201 0.92538 1
 0.96212 0.92542 1
 0.96208 0.92551 1
 0.96219 0.92556 1
 0.96215 0.92565 1
 0.96226 0.92569 1
 0.96222 0.92578 1
 0.96233 0.92583 1
 0.96229 0.92592 1
 0.96240 0.92596 1
 0.96236 0.92605 1
 0.96247 0.92610 1
 0.96243 0.92619 1
 0.96254 0.92623 1
 0.96250 0.92632 1
 0.96261 0.92636 1
 0.96257 0.92645 1
 0.96268 0.92650 1
 0.96264 0.92659 1
 0.96274 0.92663 1
 0.96271 0.92672 1
 0.96281 0.92676 1
 0.96278 0.92685 1
 0.96288 0.92690 1
 0.96284 0.92699 1
 0.96295 0.92703 1
 0.96291 0.92712 1
 0.96302 0.92716 1
 0.96298 0.92725 1
 0.96309 0.92729 1
 0.96305 0.92738 1
 0.96315 0.92742 1
 0.96312 0.92751 1
 0.96322 0.92755 1
 0.96319 0.92764 1
 0.96329 0.92769 1
 0.96325 0.92777 1
 0.96336 0.92782 1
 0.96332 0.92790 1
 0.96342 0.92795 1
 0.96339 0.92803 1
 0.96349 0.92808 1
 0.96346 0.92816 1
 0.96356 0.92821 1
 0.96352 0.92829 1
 0.96363 0.92834 1
 0.96359 0.92842 1
 0.96369 0.92846 1
 0.96366 0.92855 1
 0.96376 0.92859 1
 0.96372 0.92868 1
 0.96383 0.92872 1
 0.96379 0.92881 1
 0.96389 0.92885 1
 0.96386 0.92894 1
 0.96396 0.92898 1
 0.96392 0.92907 1
 0.96403 0.92911 1
 0.96399 0.92919 1
 0.96409 0.92924 1
 0.96406 0.92932 1
 0.96416 0.92936 1
 0.96412 0.92945 1
 0.96422 0.92949 1
 0.96419 0.92958 1
 0.96429 0.92962 1
 0.96425 0.92970 1
 0.96435 0.92974 1
 0.96432 0.92983 1
 0.96442 0.92987 1
 0.96438 0.92996 1
 0.96448 0.93000 1
 0.96445 0.93008 1
 0.96455 0.93012 1
 0.96451 0.93021 1
 0.96461 0.93025 1
 0.96458 0.93033 1
 0.96468 0.93037 1
 0.96464 0.93046 1
 0.96474 0.93050 1
 0.96471 0.93058 1
 0.96481 0.93062 1
 0.96477 0.93071 1
 0.96487 0.93075 1
 0.96484 0.93083 1
 0.96494 0.93087 1
 0.96490 0.93096 1
 0.96500 0.93100 1
 0.96497 0.93108 1
 0.96507 0.93112 1
 0.96503 0.93121 1
 0.96513 0.93125 1
 0.96510 0.93133 1
 0.96519 0.93137 1
 0.96516 0.93145 1
 0.96526 0.93149 1
 0.96522 0.93158 1
 0.96532 0.93162 1
 0.96529 0.93170 1
 0.96538 0.93174 1
 0.96535 0.93182 1
 0.96545 0.93186 1
 0.96541 0.93194 1
 0.96551 0.93198 1
 0.96548 0.93207 1
 0.96557 0.93211 1
 0.96554 0.93219 1
 0.96564 0.93223 1
 0.96560 0.93231 1
 0.96570 0.93235 1
 0.96567 0.93243 1
 0.96576 0.93247 1
 0.96573 0.93255 1
 0.96582 0.93259 1
 0.96579 0.93267 1
 0.96589 0.93271 1
 0.96585 0.93279 1
 0.96595 0.93283 1
 0.96591 0.93291 1
 0.96601 0.93295 1
 0.96598 0.93303 1
 0.96607 0.93307 1
 0.96604 0.93315 1
 0.96613 0.93319 1
 0.96610 0.93327 1
 0.96620 0.93331 1
 0.96616 0.93339 1
 0.96626 0.93343 1
 0.96622 0.93351 1
 0.96632 0.93355 1
 0.96629 0.93363 1
 0.96638 0.93367 1
 0.96635 0.93375 1
 0.96644 0.93379 1
 0.96641 0.93387 1
 0.96650 0.93391 1
 0.96647 0.93399 1
 0.96656 0.93403 1
 0.96653 0.93411 1
 0.96662 0.93414 1
 0.96659 0.93422 1
 0.96668 0.93426 1
 0.96665 0.93434 1
 0.96675 0.93438 1
 0.96671 0.93446 1
 0.96681 0.93450 1
 0.96677 0.93458 1
 0.96687 0.93461 1
 0.96683 0.93469 1
 0.96693 0.93473 1
 0.96689 0.93481 1
 0.96699 0.93485 1
 0.96695 0.93493 1
 0.96705 0.93496 1
 0.96701 0.93504 1
 0.96711 0.93508 1
 0.96707 0.93516 1
 0.96717 0.93520 1
 0.96713 0.93527 1
 0.96723 0.93531 1
 0.96719 0.93539 1
 0.96729 0.93543 1
 0.96725 0.93550 1
 0.96734 0.93554 1
 0.96731 0.93562 1
 0.96740 0.93566 1
 0.96737 0.93573 1
 0.96746 0.93577 1
 0.96743 0.93585 1
 0.96752 0.93589 1
 0.96749 0.93596 1
 0.96758 0.93600 1
 0.96755 0.93608 1
 0.96764 0.93611 1
 0.96761 0.93619 1
 0.96770 0.93623 1
 0.96767 0.93631 1
 0.96776 0.93634 1
 0.96773 0.93642 1
 0.96782 0.93646 1
 0.96778 0.93653 1
 0.96787 0.93657 1
 0.96784 0.93665 1
 0.96793 0.93668 1
 0.96790 0.93676 1
 0.96799 0.93679 1
 0.96796 0.93687 1
 0.96805 0.93691 1
 0.96802 0.93698 1
 0.96811 0.93702 1
 0.96807 0.93710 1
 0.96816 0.93713 1
 0.96813 0.93721 1
 0.96822 0.93724 1
 0.96819 0.93732 1
 0.96828 0.93736 1
 0.96825 0.93743 1
 0.96834 0.93747 1
 0.96830 0.93754 1
 0.96839 0.93758 1
 0.96836 0.93765 1
 0.96845 0.93769 1
 0.96842 0.93776 1
 0.96851 0.93780 1
 0.96848 0.93787 1
 0.96856 0.93791 1
 0.96853 0.93799 1
 0.96862 0.93802 1
 0.96859 0.93810 1
 0.96868 0.93813 1
 0.96865 0.93821 1
 0.96873 0.93824 1
 0.96870 0.93832 1
 0.96879 0.93835 1
 0.96876 0.93843 1
 0.96885 0.93846 1
 0.96882 0.93853 1
 0.96890 0.93857 1
 0.96887 0.93864 1
 0.96896 0.93868 1
 0.96893 0.93875 1
 0.96902 0.93879 1
 0.96899 0.93886 1
 0.96907 0.93890 1
 0.96904 0.93897 1
 0.96913 0.93901 1
 0.96910 0.93908 1
 0.96918 0.93911 1
 0.96915 0.93919 1
 0.96924 0.93922 1
 0.96921 0.93929 1
 0.96929 0.93933 1
 0.96926 0.93940 1
 0.96935 0.93944 1
 0.96932 0.93951 1
 0.96940 0.93954 1
 0.96937 0.93962 1
 0.96946 0.93965 1
 0.96943 0.93972 1
 0.96951 0.93976 1
 0.96948 0.93983 1
 0.96957 0.93987 1
 0.96954 0.93994 1
 0.96962 0.93997 1
 0.96959 0.94004 1
 0.96968 0.94008 1
 0.96965 0.94015 1
 0.96973 0.94018 1
 0.96970 0.94026 1
 0.96979 0.94029 1
 0.96976 0.94036 1
 0.96984 0.94040 1
 0.96981 0.94047 1
 0.96990 0.94050 1
 0.96987 0.94057 1
 0.96995 0.94061 1
 0.96992 0.94068 1
 0.97000 0.94071 1
 0.96998 0.94078 1
 0.97006 0.94082 1
 0.97003 0.94089 1
 0.97011 0.94092 1
 0.97008 0.94099 1
 0.97017 0.94103 1
 0.97014 0.94110 1
 0.97022 0.94113 1
 0.97019 0.94120 1
 0.97027 0.94124 1
 0.97024 0.94131 1
 0.97033 0.94134 1
 0.97030 0.94141 1
 0.97038 0.94144 1
 0.97035 0.94151 1
 0.97043 0.94155 1
 0.97040 0.94162 1
 0.97049 0.94165 1
 0.97046 0.94172 1
 0.97054 0.94175 1
 0.97051 0.94182 1
 0.97059 0.94186 1
 0.97056 0.94193 1
 0.97064 0.94196 1
 0.97062 0.94203 1
 0.97070 0.94206 1
 0.97067 0.94213 1
 0.97075 0.94216 1
 0.97072 0.94223 1
 0.97080 0.94227 1
 0.97077 0.94233 1
 0.97085 0.94237 1
 0.97083 0.94244 1
 0.97091 0.94247 1
 0.97088 0.94254 1
 0.97096 0.94257 1
 0.97093 0.94264 1
 0.97101 0.94267 1
 0.97098 0.94274 1
 0.97106 0.94277 1
 0.97103 0.94284 1
 0.97111 0.94287 1
 0.97109 0.94294 1
 0.97117 0.94298 1
 0.97114 0.94304 1
 0.97122 0.94308 1
 0.97119 0.94314 1
 0.97127 0.94318 1
 0.97124 0.94324 1
 0.97132 0.94328 1
 0.97129 0.94334 1
 0.97137 0.94338 1
 0.97134 0.94344 1
 0.97142 0.94348 1
 0.97140 0.94354 1
 0.97147 0.94358 1
 0.97145 0.94364 1
 0.97153 0.94368 1
 0.97150 0.94374 1
 0.97158 0.94378 1
 0.97155 0.94384 1
 0.97163 0.94387 1
 0.97160 0.94394 1
 0.97168 0.94397 1
 0.97165 0.94404 1
 0.97173 0.94407 1
 0.97170 0.94414 1
 0.97178 0.94417 1
 0.97175 0.94424 1
 0.97183 0.94427 1
 0.97180 0.94434 1
 0.97188 0.94437 1
 0.97185 0.94443 1
 0.97193 0.94446 1
 0.97190 0.94453 1
 0.97198 0.94456 1
 0.97195 0.94463 1
 0.97203 0.94466 1
 0.97200 0.94473 1
 0.97208 0.94476 1
 0.97205 0.94482 1
 0.97213 0.94485 1
 0.97210 0.94492 1
 0.97218 0.94495 1
 0.97215 0.94502 1
 0.97223 0.94505 1
 0.97220 0.94511 1
 0.97228 0.94515 1
 0.97225 0.94521 1
 0.97233 0.94524 1
 0.97230 0.94531 1
 0.97238 0.94534 1
 0.97235 0.94540 1
 0.97243 0.94543 1
 0.97240 0.94550 1
 0.97248 0.94553 1
 0.97245 0.94559 1
 0.97252 0.94563 1
 0.97250 0.94569 1
 0.97257 0.94572 1
 0.97255 0.94579 1
 0.97262 0.94582 1
 0.97260 0.94588 1
 0.97267 0.94591 1
 0.97265 0.94598 1
 0.97272 0.94601 1
 0.97269 0.94607 1
 0.97277 0.94610 1
 0.97274 0.94617 1
 0.97282 0.94620 1
 0.97279 0.94626 1
 0.97287 0.94629 1
 0.97284 0.94635 1
 0.97291 0.94638 1
 0.97289 0.94645 1
 0.97296 0.94648 1
 0.97294 0.94654 1
 0.97301 0.94657 1
 0.97298 0.94664 1
 0.97306 0.94667 1
 0.97303 0.94673 1
 0.97311 0.94676 1
 0.97308 0.94682 1
 0.97315 0.94685 1
 0.97313 0.94692 1
 0.97320 0.94695 1
 0.97318 0.94701 1
 0.97325 0.94704 1
 0.97322 0.94710 1
 0.97330 0.94713 1
 0.97327 0.94720 1
 0.97334 0.94723 1
 0.97332 0.94729 1
 0.97339 0.94732 1
 0.97337 0.94738 1
 0.97344 0.94741 1
 0.97341 0.94747 1
 0.97349 0.94750 1
 0.97346 0.94756 1
 0.97353 0.94759 1
 0.97351 0.94766 1
 0.97358 0.94769 1
 0.97355 0.94775 1
 0.97363 0.94778 1
 0.97360 0.94784 1
 0.97367 0.94787 1
 0.97365 0.94793 1
 0.97372 0.94796 1
 0.97370 0.94802 1
 0.97377 0.94805 1
 0.97374 0.94811 1
 0.97381 0.94814 1
 0.97379 0.94820 1
 0.97386 0.94823 1
 0.97383 0.94829 1
 0.97391 0.94832 1
 0.97388 0.94839 1
 0.97395 0.94841 1
 0.97393 0.94848 1
 0.97400 0.94850 1
 0.97397 0.94857 1
 0.97404 0.94859 1
 0.97402 0.94866 1
 0.97409 0.94868 1
 0.97407 0.94875 1
 0.97414 0.94877 1
 0.97411 0.94884 1
 0.97418 0.94886 1
 0.97416 0.94892 1
 0.97423 0.94895 1
 0.97420 0.94901 1
 0.97427 0.94904 1
 0.97425 0.94910 1
 0.97432 0.94913 1
 0.97429 0.94919 1
 0.97436 0.94922 1
 0.97434 0.94928 1
 0.97441 0.94931 1
 0.97439 0.94937 1
 0.97446 0.94940 1
 0.97443 0.94946 1
 0.97450 0.94949 1
 0.97448 0.94955 1
 0.97455 0.94957 1
 0.97452 0.94963 1
 0.97459 0.94966 1
 0.97457 0.94972 1
 0.97464 0.94975 1
 0.97461 0.94981 1
 0.97468 0.94984 1
 0.97466 0.94990 1
 0.97473 0.94993 1
 0.97470 0.94999 1
 0.97477 0.95001 1
 0.97475 0.95007 1
 0.97481 0.95010 1
 0.97479 0.95016 1
 0.97486 0.95019 1
 0.97484 0.95025 1
 0.97490 0.95027 1
 0.97488 0.95033 1
 0.97495 0.95036 1
 0.97492 0.95042 1
 0.97499 0.95045 1
 0.97497 0.95051 1
 0.97504 0.95053 1
 0.97501 0.95059 1
 0.97508 0.95062 1
 0.97506 0.95068 1
 0.97512 0.95071 1
 0.97510 0.95077 1
 0.97517 0.95079 1
 0.97514 0.95085 1
 0.97521 0.95088 1
 0.97519 0.95094 1
 0.97526 0.95096 1
 0.97523 0.95102 1
 0.97530 0.95105 1
 0.97528 0.95111 1
 0.97534 0.95114 1
 0.97532 0.95119 1
 0.97539 0.95122 1
 0.97536 0.95128 1
 0.97543 0.95131 1
 0.97541 0.95136 1
 0.97547 0.95139 1
 0.97545 0.95145 1
 0.97552 0.95147 1
 0.97549 0.95153 1
 0.97556 0.95156 1
 0.97554 0.95162 1
 0.97560 0.95164 1
 0.97558 0.95170 1
 0.97565 0.95173 1
 0.97562 0.95178 1
 0.97569 0.95181 1
 0.97567 0.95187 1
 0.97573 0.95190 1
 0.97571 0.95195 1
 0.97577 0.95198 1
 0.97575 0.95204 1
 0.97582 0.95206 1
 0.97579 0.95212 1
 0.97586 0.95215 1
 0.97584 0.95220 1
 0.97590 0.95223 1
 0.97588 0.95229 1
 0.97594 0.95231 1
 0.97592 0.95237 1
 0.97599 0.95240 1
 0.97596 0.95245 1
 0.97603 0.95248 1
 0.97601 0.95253 1
 0.97607 0.95256 1
 0.97605 0.95262 1
 0.97611 0.95264 1
 0.97609 0.95270 1
 0.97616 0.95273 1
 0.97613 0.95278 1
 0.97620 0.95281 1
 0.97618 0.95286 1
 0.97624 0.95289 1
 0.97622 0.95295 1
 0.97628 0.95297 1
 0.97626 0.95303 1
 0.97632 0.95305 1
 0.97630 0.95311 1
 0.97636 0.95314 1
 0.97634 0.95319 1
 0.97641 0.95322 1
 0.97638 0.95327 1
 0.97645 0.95330 1
 0.97643 0.95335 1
 0.97649 0.95338 1
 0.97647 0.95343 1
 0.97653 0.95346 1
 0.97651 0.95351 1
 0.97657 0.95354 1
 0.97655 0.95360 1
 0.97661 0.95362 1
 0.97659 0.95368 1
 0.97665 0.95370 1
 0.97663 0.95376 1
 0.97670 0.95378 1
 0.97667 0.95384 1
 0.97674 0.95386 1
 0.97671 0.95392 1
 0.97678 0.95394 1
 0.97675 0.95400 1
 0.97682 0.95402 1
 0.97680 0.95408 1
 0.97686 0.95410 1
 0.97684 0.95416 1
 0.97690 0.95418 1
 0.97688 0.95424 1
 0.97694 0.95426 1
 0.97692 0.95432 1
 0.97698 0.95434 1
 0.97696 0.95439 1
 0.97702 0.95442 1
 0.97700 0.95447 1
 0.97706 0.95450 1
 0.97704 0.95455 1
 0.97710 0.95458 1
 0.97708 0.95463 1
 0.97714 0.95466 1
 0.97712 0.95471 1
 0.97718 0.95474 1
 0.97716 0.95479 1
 0.97722 0.95481 1
 0.97720 0.95487 1
 0.97726 0.95489 1
 0.97724 0.95494 1
 0.97730 0.95497 1
 0.97728 0.95502 1
 0.97734 0.95505 1
 0.97732 0.95510 1
 0.97738 0.95513 1
 0.97736 0.95518 1
 0.97742 0.95520 1
 0.97740 0.95526 1
 0.97746 0.95528 1
 0.97744 0.95533 1
 0.97750 0.95536 1
 0.97748 0.95541 1
 0.97754 0.95544 1
 0.97752 0.95549 1
 0.97758 0.95551 1
 0.97756 0.95557 1
 0.97762 0.95559 1
 0.97760 0.95564 1
 0.97766 0.95567 1
 0.97763 0.95572 1
 0.97770 0.95574 1
 0.97767 0.95580 1
 0.97773 0.95582 1
 0.97771 0.95587 1
 0.97777 0.95590 1
 0.97775 0.95595 1
 0.97781 0.95597 1
 0.97779 0.95602 1
 0.97785 0.95605 1
 0.97783 0.95610 1
 0.97789 0.95613 1
 0.97787 0.95618 1
 0.97793 0.95620 1
 0.97791 0.95625 1
 0.97797 0.95628 1
 0.97795 0.95633 1
 0.97801 0.95635 1
 0.97798 0.95640 1
 0.97804 0.95643 1
 0.97802 0.95648 1
 0.97808 0.95650 1
 0.97806 0.95655 1
 0.97812 0.95658 1
 0.97810 0.95663 1
 0.97816 0.95665 1
 0.97814 0.95670 1
 0.97820 0.95673 1
 0.97818 0.95678 1
 0.97823 0.95680 1
 0.97821 0.95685 1
 0.97827 0.95688 1
 0.97825 0.95693 1
 0.97831 0.95695 1
 0.97829 0.95700 1
 0.97835 0.95703 1
 0.97833 0.95708 1
 0.97839 0.95710 1
 0.97837 0.95715 1
 0.97842 0.95717 1
 0.97840 0.95723 1
 0.97846 0.95725 1
 0.97844 0.95730 1
 0.97850 0.95732 1
 0.97848 0.95737 1
 0.97854 0.95740 1
 0.97852 0.95745 1
 0.97857 0.95747 1
 0.97855 0.95752 1
 0.97861 0.95754 1
 0.97859 0.95759 1
 0.97865 0.95762 1
 0.97863 0.95767 1
 0.97869 0.95769 1
 0.97867 0.95774 1
 0.97872 0.95776 1
 0.97870 0.95781 1
 0.97876 0.95784 1
 0.97874 0.95788 1
 0.97880 0.95791 1
 0.97878 0.95796 1
 0.97883 0.95798 1
 0.97881 0.95803 1
 0.97887 0.95805 1
 0.97885 0.95810 1
 0.97891 0.95813 1
 0.97889 0.95817 1
 0.97895 0.95820 1
 0.97893 0.95825 1
 0.97898 0.95827 1
 0.97896 0.95832 1
 0.97902 0.95834 1
 0.97900 0.95839 1
 0.97906 0.95841 1
 0.97904 0.95846 1
 0.97909 0.95849 1
 0.97907 0.95853 1
 0.97913 0.95856 1
 0.97911 0.95861 1
 0.97916 0.95863 1
 0.97914 0.95868 1
 0.97920 0.95870 1
 0.97918 0.95875 1
 0.97924 0.95877 1
 0.97922 0.95882 1
 0.97927 0.95884 1
 0.97925 0.95889 1
 0.97931 0.95891 1
 0.97929 0.95896 1
 0.97934 0.95898 1
 0.97933 0.95903 1
 0.97938 0.95905 1
 0.97936 0.95910 1
 0.97942 0.95912 1
 0.97940 0.95917 1
 0.97945 0.95919 1
 0.97943 0.95924 1
 0.97949 0.95927 1
 0.97947 0.95931 1
 0.97952 0.95934 1
 0.97950 0.95938 1
 0.97956 0.95941 1
 0.97954 0.95945 1
 0.97960 0.95948 1
 0.97958 0.95952 1
 0.97963 0.95954 1
 0.97961 0.95959 1
 0.97967 0.95961 1
 0.97965 0.95966 1
 0.97970 0.95968 1
 0.97968 0.95973 1
 0.97974 0.95975 1
 0.97972 0.95980 1
 0.97977 0.95982 1
 0.97975 0.95987 1
 0.97981 0.95989 1
 0.97979 0.95994 1
 0.97984 0.95996 1
 0.97982 0.96001 1
 0.97988 0.96003 1
 0.97986 0.96008 1
 0.97991 0.96010 1
 0.97989 0.96014 1
 0.97995 0.96017 1
 0.97993 0.96021 1
 0.97998 0.96024 1
 0.97996 0.96028 1
 0.98002 0.96030 1
 0.98000 0.96035 1
 0.98005 0.96037 1
 0.98003 0.96042 1
 0.98009 0.96044 1
 0.98007 0.96049 1
 0.98012 0.96051 1
 0.98010 0.96055 1
 0.98015 0.96058 1
 0.98014 0.96062 1
 0.98019 0.96064 1
 0.98017 0.96069 1
 0.98022 0.96071 1
 0.98020 0.96076 1
 0.98026 0.96078 1
 0.98024 0.96082 1
 0.98029 0.96085 1
 0.98027 0.96089 1
 0.98033 0.96091 1
 0.98031 0.96096 1
 0.98036 0.96098 1
 0.98034 0.96103 1
 0.98039 0.96105 1
 0.98038 0.96109 1
 0.98043 0.96111 1
 0.98041 0.96116 1
 0.98046 0.96118 1
 0.98044 0.96123 1
 0.98050 0.96125 1
 0.98048 0.96129 1
 0.98053 0.96131 1
 0.98051 0.96136 1
 0.98056 0.96138 1
 0.98055 0.96143 1
 0.98060 0.96145 1
 0.98058 0.96149 1
 0.98063 0.96151 1
 0.98061 0.96156 1
 0.98066 0.96158 1
 0.98065 0.96162 1
 0.98070 0.96164 1
 0.98068 0.96169 1
 0.98073 0.96171 1
 0.98071 0.96175 1
 0.98076 0.96178 1
 0.98075 0.96182 1
 0.98080 0.96184 1
 0.98078 0.96189 1
 0.98083 0.96191 1
 0.98081 0.96195 1
 0.98086 0.96197 1
 0.98085 0.96202 1
 0.98090 0.96204 1
 0.98088 0.96208 1
 0.98093 0.96210 1
 0.98091 0.96215 1
 0.98096 0.96217 1
 0.98095 0.96221 1
 0.98100 0.96223 1
 0.98098 0.96228 1
 0.98103 0.96230 1
 0.98101 0.96234 1
 0.98106 0.96236 1
 0.98104 0.96241 1
 0.98110 0.96243 1
 0.98108 0.96247 1
 0.98113 0.96249 1
 0.98111 0.96253 1
 0.98116 0.96255 1
 0.98114 0.96260 1
 0.98119 0.96262 1
 0.98118 0.96266 1
 0.98123 0.96268 1
 0.98121 0.96273 1
 0.98126 0.96275 1
 0.98124 0.96279 1
 0.98129 0.96281 1
 0.98127 0.96285 1
 0.98132 0.96287 1
 0.98131 0.96292 1
 0.98136 0.96294 1
 0.98134 0.96298 1
 0.98139 0.96300 1
 0.98137 0.96304 1
 0.98142 0.96306 1
 0.98140 0.96311 1
 0.98145 0.96313 1
 0.98143 0.96317 1
 0.98148 0.96319 1
 0.98147 0.96323 1
 0.98152 0.96325 1
 0.98150 0.96330 1
 0.98155 0.96332 1
 0.98153 0.96336 1
 0.98158 0.96338 1
 0.98156 0.96342 1
 0.98161 0.96344 1
 0.98159 0.96348 1
 0.98164 0.96350 1
 0.98163 0.96355 1
 0.98167 0.96357 1
 0.98166 0.96361 1
 0.98171 0.96363 1
 0.98169 0.96367 1
 0.98174 0.96369 1
 0.98172 0.96373 1
 0.98177 0.96375 1
 0.98175 0.96380 1
 0.98180 0.96382 1
 0.98178 0.96386 1
 0.98183 0.96388 1
 0.98182 0.96392 1
 0.98186 0.96394 1
 0.98185 0.96398 1
 0.98189 0.96400 1
 0.98188 0.96404 1
 0.98193 0.96406 1
 0.98191 0.96410 1
 0.98196 0.96412 1
 0.98194 0.96417 1
 0.98199 0.96419 1
 0.98197 0.96423 1
 0.98202 0.96425 1
 0.98200 0.96429 1
 0.98205 0.96431 1
 0.98203 0.96435 1
 0.98208 0.96437 1
 0.98206 0.96441 1
 0.98211 0.96443 1
 0.98210 0.96447 1
 0.98214 0.96449 1
 0.98213 0.96453 1
 0.98217 0.96455 1
 0.98216 0.96459 1
 0.98220 0.96461 1
 0.98219 0.96465 1
 0.98224 0.96467 1
 0.98222 0.96471 1
 0.98227 0.96473 1
 0.98225 0.96477 1
 0.98230 0.96479 1
 0.98228 0.96483 1
 0.98233 0.96485 1
 0.98231 0.96489 1
 0.98236 0.96491 1
 0.98234 0.96495 1
 0.98239 0.96497 1
 0.98237 0.96501 1
 0.98242 0.96503 1
 0.98240 0.96507 1
 0.98245 0.96509 1
 0.98243 0.96513 1
 0.98248 0.96515 1
 0.98246 0.96519 1
 0.98251 0.96521 1
 0.98249 0.96525 1
 0.98254 0.96527 1
 0.98252 0.96531 1
 0.98257 0.96533 1
 0.98255 0.96537 1
 0.98260 0.96539 1
 0.98258 0.96543 1
 0.98263 0.96545 1
 0.98261 0.96549 1
 0.98266 0.96551 1
 0.98264 0.96555 1
 0.98269 0.96557 1
 0.98267 0.96560 1
 0.98272 0.96562 1
 0.98270 0.96566 1
 0.98275 0.96568 1
 0.98273 0.96572 1
 0.98278 0.96574 1
 0.98276 0.96578 1
 0.98281 0.96580 1
 0.98279 0.96584 1
 0.98284 0.96586 1
 0.98282 0.96590 1
 0.98287 0.96592 1
 0.98285 0.96596 1
 0.98290 0.96597 1
 0.98288 0.96601 1
 0.98292 0.96603 1
 0.98291 0.96607 1
 0.98295 0.96609 1
 0.98294 0.96613 1
 0.98298 0.96615 1
 0.98297 0.96619 1
 0.98301 0.96621 1
 0.98300 0.96624 1
 0.98304 0.96626 1
 0.98303 0.96630 1
 0.98307 0.96632 1
 0.98306 0.96636 1
 0.98310 0.96638 1
 0.98308 0.96642 1
 0.98313 0.96643 1
 0.98311 0.96647 1
 0.98316 0.96649 1
 0.98314 0.96653 1
 0.98319 0.96655 1
 0.98317 0.96659 1
 0.98322 0.96661 1
 0.98320 0.96664 1
 0.98324 0.96666 1
 0.98323 0.96670 1
 0.98327 0.96672 1
 0.98326 0.96676 1
 0.98330 0.96678 1
 0.98329 0.96681 1
 0.98333 0.96683 1
 0.98332 0.96687 1
 0.98336 0.96689 1
 0.98334 0.96693 1
 0.98339 0.96695 1
 0.98337 0.96698 1
 0.98342 0.96700 1
 0.98340 0.96704 1
 0.98345 0.96706 1
 0.98343 0.96710 1
 0.98347 0.96711 1
 0.98346 0.96715 1
 0.98350 0.96717 1
 0.98349 0.96721 1
 0.98353 0.96723 1
 0.98351 0.96726 1
 0.98356 0.96728 1
 0.98354 0.96732 1
 0.98359 0.96734 1
 0.98357 0.96737 1
 0.98361 0.96739 1
 0.98360 0.96743 1
 0.98364 0.96745 1
 0.98363 0.96749 1
 0.98367 0.96750 1
 0.98366 0.96754 1
 0.98370 0.96756 1
 0.98368 0.96760 1
 0.98373 0.96761 1
 0.98371 0.96765 1
 0.98375 0.96767 1
 0.98374 0.96771 1
 0.98378 0.96772 1
 0.98377 0.96776 1
 0.98381 0.96778 1
 0.98380 0.96782 1
 0.98384 0.96783 1
 0.98382 0.96787 1
 0.98387 0.96789 1
 0.98385 0.96793 1
 0.98389 0.96794 1
 0.98388 0.96798 1
 0.98392 0.96800 1
 0.98391 0.96803 1
 0.98395 0.96805 1
 0.98393 0.96809 1
 0.98398 0.96811 1
 0.98396 0.96814 1
 0.98400 0.96816 1
 0.98399 0.96820 1
 0.98403 0.96821 1
 0.98402 0.96825 1
 0.98406 0.96827 1
 0.98404 0.96830 1
 0.98409 0.96832 1
 0.98407 0.96836 1
 0.98411 0.96838 1
 0.98410 0.96841 1
 0.98414 0.96843 1
 0.98412 0.96847 1
 0.98417 0.96848 1
 0.98415 0.96852 1
 0.98419 0.96854 1
 0.98418 0.96857 1
 0.98422 0.96859 1
 0.98421 0.96863 1
 0.98425 0.96864 1
 0.98423 0.96868 1
 0.98427 0.96870 1
 0.98426 0.96873 1
 0.98430 0.96875 1
 0.98429 0.96879 1
 0.98433 0.96880 1
 0.98431 0.96884 1
 0.98436 0.96886 1
 0.98434 0.96889 1
 0.98438 0.96891 1
 0.98437 0.96894 1
 0.98441 0.96896 1
 0.98439 0.96900 1
 0.98444 0.96901 1
 0.98442 0.96905 1
 0.98446 0.96907 1
 0.98445 0.96910 1
 0.98449 0.96912 1
 0.98447 0.96915 1
 0.98452 0.96917 1
 0.98450 0.96921 1
 0.98454 0.96922 1
 0.98453 0.96926 1
 0.98457 0.96928 1
 0.98455 0.96931 1
 0.98459 0.96933 1
 0.98458 0.96936 1
 0.98462 0.96938 1
 0.98461 0.96942 1
 0.98465 0.96943 1
 0.98463 0.96947 1
 0.98467 0.96948 1
 0.98466 0.96952 1
 0.98470 0.96954 1
 0.98469 0.96957 1
 0.98473 0.96959 1
 0.98471 0.96962 1
 0.98475 0.96964 1
 0.98474 0.96967 1
 0.98478 0.96969 1
 0.98476 0.96972 1
 0.98480 0.96974 1
 0.98479 0.96978 1
 0.98483 0.96979 1
 0.98482 0.96983 1
 0.98486 0.96984 1
 0.98484 0.96988 1
 0.98488 0.96989 1
 0.98487 0.96993 1
 0.98491 0.96995 1
 0.98489 0.96998 1
 0.98493 0.97000 1
 0.98492 0.97003 1
 0.98496 0.97005 1
 0.98494 0.97008 1
 0.98498 0.97010 1
 0.98497 0.97013 1
 0.98501 0.97015 1
 0.98500 0.97018 1
 0.98504 0.97020 1
 0.98502 0.97023 1
 0.98506 0.97025 1
 0.98505 0.97028 1
 0.98509 0.97030 1
 0.98507 0.97033 1
 0.98511 0.97035 1
 0.98510 0.97038 1
 0.98514 0.97040 1
 0.98512 0.97043 1
 0.98516 0.97045 1
 0.98515 0.97048 1
 0.98519 0.97050 1
 0.98517 0.97053 1
 0.98521 0.97055 1
 0.98520 0.97058 1
 0.98524 0.97060 1
 0.98522 0.97063 1
 0.98526 0.97065 1
 0.98525 0.97068 1
 0.98529 0.97070 1
 0.98528 0.97073 1
 0.98531 0.97075 1
 0.98530 0.97078 1
 0.98534 0.97080 1
 0.98533 0.97083 1
 0.98536 0.97085 1
 0.98535 0.97088 1
 0.98539 0.97090 1
 0.98538 0.97093 1
 0.98541 0.97095 1
 0.98540 0.97098 1
 0.98544 0.97100 1
 0.98543 0.97103 1
 0.98546 0.97105 1
 0.98545 0.97108 1
 0.98549 0.97109 1
 0.98547 0.97113 1
 0.98551 0.97114 1
 0.98550 0.97118 1
 0.98554 0.97119 1
 0.98552 0.97123 1
 0.98556 0.97124 1
 0.98555 0.97127 1
 0.98559 0.97129 1
 0.98557 0.97132 1
 0.98561 0.97134 1
 0.98560 0.97137 1
 0.98564 0.97139 1
 0.98562 0.97142 1
 0.98566 0.97143 1
 0.98565 0.97147 1
 0.98568 0.97148 1
 0.98567 0.97152 1
 0.98571 0.97153 1
 0.98570 0.97156 1
 0.98573 0.97158 1
 0.98572 0.97161 1
 0.98576 0.97163 1
 0.98574 0.97166 1
 0.98578 0.97168 1
 0.98577 0.97171 1
 0.98581 0.97172 1
 0.98579 0.97176 1
 0.98583 0.97177 1
 0.98582 0.97180 1
 0.98585 0.97182 1
 0.98584 0.97185 1
 0.98588 0.97187 1
 0.98587 0.97190 1
 0.98590 0.97191 1
 0.98589 0.97195 1
 0.98593 0.97196 1
 0.98591 0.97199 1
 0.98595 0.97201 1
 0.98594 0.97204 1
 0.98597 0.97206 1
 0.98596 0.97209 1
 0.98600 0.97210 1
 0.98599 0.97213 1
 0.98602 0.97215 1
 0.98601 0.97218 1
 0.98605 0.97220 1
 0.98603 0.97223 1
 0.98607 0.97224 1
 0.98606 0.97228 1
 0.98609 0.97229 1
 0.98608 0.97232 1
 0.98612 0.97234 1
 0.98610 0.97237 1
 0.98614 0.97238 1
 0.98613 0.97242 1
 0.98616 0.97243 1
 0.98615 0.97246 1
 0.98619 0.97248 1
 0.98617 0.97251 1
 0.98621 0.97252 1
 0.98620 0.97256 1
 0.98623 0.97257 1
 0.98622 0.97260 1
 0.98626 0.97262 1
 0.98624 0.97265 1
 0.98628 0.97266 1
 0.98627 0.97269 1
 0.98630 0.97271 1
 0.98629 0.97274 1
 0.98633 0.97275 1
 0.98631 0.97279 1
 0.98635 0.97280 1
 0.98634 0.97283 1
 0.98637 0.97285 1
 0.98636 0.97288 1
 0.98640 0.97289 1
 0.98638 0.97292 1
 0.98642 0.97294 1
 0.98641 0.97297 1
 0.98644 0.97298 1
 0.98643 0.97301 1
 0.98647 0.97303 1
 0.98645 0.97306 1
 0.98649 0.97307 1
 0.98648 0.97311 1
 0.98651 0.97312 1
 0.98650 0.97315 1
 0.98654 0.97317 1
 0.98652 0.97320 1
 0.98656 0.97321 1
 0.98655 0.97324 1
 0.98658 0.97326 1
 0.98657 0.97329 1
 0.98660 0.97330 1
 0.98659 0.97333 1
 0.98663 0.97335 1
 0.98661 0.97338 1
 0.98665 0.97339 1
 0.98664 0.97342 1
 0.98667 0.97344 1
 0.98666 0.97347 1
 0.98669 0.97348 1
 0.98668 0.97351 1
 0.98672 0.97353 1
 0.98670 0.97356 1
 0.98674 0.97357 1
 0.98673 0.97360 1
 0.98676 0.97361 1
 0.98675 0.97364 1
 0.98678 0.97366 1
 0.98677 0.97369 1
 0.98681 0.97370 1
 0.98679 0.97373 1
 0.98683 0.97375 1
 0.98682 0.97378 1
 0.98685 0.97379 1
 0.98684 0.97382 1
 0.98687 0.97384 1
 0.98686 0.97387 1
 0.98690 0.97388 1
 0.98688 0.97391 1
 0.98692 0.97392 1
 0.98691 0.97395 1
 0.98694 0.97397 1
 0.98693 0.97400 1
 0.98696 0.97401 1
 0.98695 0.97404 1
 0.98698 0.97406 1
 0.98697 0.97409 1
 0.98701 0.97410 1
 0.98699 0.97413 1
 0.98703 0.97414 1
 0.98702 0.97417 1
 0.98705 0.97419 1
 0.98704 0.97422 1
 0.98707 0.97423 1
 0.98706 0.97426 1
 0.98709 0.97427 1
 0.98708 0.97430 1
 0.98712 0.97432 1
 0.98710 0.97435 1
 0.98714 0.97436 1
 0.98713 0.97439 1
 0.98716 0.97440 1
 0.98715 0.97443 1
 0.98718 0.97445 1
 0.98717 0.97447 1
 0.98720 0.97449 1
 0.98719 0.97452 1
 0.98722 0.97453 1
 0.98721 0.97456 1
 0.98725 0.97457 1
 0.98723 0.97460 1
 0.98727 0.97462 1
 0.98726 0.97465 1
 0.98729 0.97466 1
 0.98728 0.97469 1
 0.98731 0.97470 1
 0.98730 0.97473 1
 0.98733 0.97475 1
 0.98732 0.97477 1
 0.98735 0.97479 1
 0.98734 0.97482 1
 0.98738 0.97483 1
 0.98736 0.97486 1
 0.98740 0.97487 1
 0.98739 0.97490 1
 0.98742 0.97491 1
 0.98741 0.97494 1
 0.98744 0.97496 1
 0.98743 0.97499 1
 0.98746 0.97500 1
 0.98745 0.97503 1
 0.98748 0.97504 1
 0.98747 0.97507 1
 0.98750 0.97508 1
 0.98749 0.97511 1
 0.98752 0.97512 1
 0.98751 0.97515 1
 0.98755 0.97517 1
 0.98753 0.97519 1
 0.98757 0.97521 1
 0.98755 0.97524 1
 0.98759 0.97525 1
 0.98758 0.97528 1
 0.98761 0.97529 1
 0.98760 0.97532 1
 0.98763 0.97533 1
 0.98762 0.97536 1
 0.98765 0.97537 1
 0.98764 0.97540 1
 0.98767 0.97542 1
 0.98766 0.97544 1
 0.98769 0.97546 1
 0.98768 0.97549 1
 0.98771 0.97550 1
 0.98770 0.97553 1
 0.98773 0.97554 1
 0.98772 0.97557 1
 0.98775 0.97558 1
 0.98774 0.97561 1
 0.98778 0.97562 1
 0.98776 0.97565 1
 0.98780 0.97566 1
 0.98778 0.97569 1
 0.98782 0.97570 1
 0.98781 0.97573 1
 0.98784 0.97574 1
 0.98783 0.97577 1
 0.98786 0.97579 1
 0.98785 0.97581 1
 0.98788 0.97583 1
 0.98787 0.97585 1
 0.98790 0.97587 1
 0.98789 0.97589 1
 0.98792 0.97591 1
 0.98791 0.97593 1
 0.98794 0.97595 1
 0.98793 0.97597 1
 0.98796 0.97599 1
 0.98795 0.97602 1
 0.98798 0.97603 1
 0.98797 0.97606 1
 0.98800 0.97607 1
 0.98799 0.97610 1
 0.98802 0.97611 1
 0.98801 0.97614 1
 0.98804 0.97615 1
 0.98803 0.97618 1
 0.98806 0.97619 1
 0.98805 0.97622 1
 0.98808 0.97623 1
 0.98807 0.97626 1
 0.98810 0.97627 1
 0.98809 0.97630 1
 0.98812 0.97631 1
 0.98811 0.97634 1
 0.98814 0.97635 1
 0.98813 0.97637 1
 0.98816 0.97639 1
 0.98815 0.97641 1
 0.98818 0.97643 1
 0.98817 0.97645 1
 0.98820 0.97647 1
 0.98819 0.97649 1
 0.98822 0.97651 1
 0.98821 0.97653 1
 0.98824 0.97655 1
 0.98823 0.97657 1
 0.98826 0.97659 1
 0.98825 0.97661 1
 0.98828 0.97662 1
 0.98827 0.97665 1
 0.98830 0.97666 1
 0.98829 0.97669 1
 0.98832 0.97670 1
 0.98831 0.97673 1
 0.98834 0.97674 1
 0.98833 0.97677 1
 0.98836 0.97678 1
 0.98835 0.97681 1
 0.98838 0.97682 1
 0.98837 0.97685 1
 0.98840 0.97686 1
 0.98839 0.97688 1
 0.98842 0.97690 1
 0.98841 0.97692 1
 0.98844 0.97694 1
 0.98843 0.97696 1
 0.98846 0.97697 1
 0.98845 0.97700 1
 0.98848 0.97701 1
 0.98847 0.97704 1
 0.98850 0.97705 1
 0.98849 0.97708 1
 0.98852 0.97709 1
 0.98851 0.97712 1
 0.98854 0.97713 1
 0.98852 0.97715 1
 0.98855 0.97717 1
 0.98854 0.97719 1
 0.98857 0.97721 1
 0.98856 0.97723 1
 0.98859 0.97724 1
 0.98858 0.97727 1
 0.98861 0.97728 1
 0.98860 0.97731 1
 0.98863 0.97732 1
 0.98862 0.97735 1
 0.98865 0.97736 1
 0.98864 0.97738 1
 0.98867 0.97740 1
 0.98866 0.97742 1
 0.98869 0.97743 1
 0.98868 0.97746 1
 0.98871 0.97747 1
 0.98870 0.97750 1
 0.98873 0.97751 1
 0.98872 0.97753 1
 0.98875 0.97755 1
 0.98874 0.97757 1
 0.98876 0.97758 1
 0.98875 0.97761 1
 0.98878 0.97762 1
 0.98877 0.97765 1
 0.98880 0.97766 1
 0.98879 0.97768 1
 0.98882 0.97770 1
 0.98881 0.97772 1
 0.98884 0.97773 1
 0.98883 0.97776 1
 0.98886 0.97777 1
 0.98885 0.97780 1
 0.98888 0.97781 1
 0.98887 0.97783 1
 0.98890 0.97785 1
 0.98889 0.97787 1
 0.98892 0.97788 1
 0.98891 0.97791 1
 0.98893 0.97792 1
 0.98892 0.97795 1
 0.98895 0.97796 1
 0.98894 0.97798 1
 0.98897 0.97799 1
 0.98896 0.97802 1
 0.98899 0.97803 1
 0.98898 0.97806 1
 0.98901 0.97807 1
 0.98900 0.97809 1
 0.98903 0.97810 1
 0.98902 0.97813 1
 0.98905 0.97814 1
 0.98904 0.97817 1
 0.98906 0.97818 1
 0.98905 0.97820 1
 0.98908 0.97821 1
 0.98907 0.97824 1
 0.98910 0.97825 1
 0.98909 0.97828 1
 0.98912 0.97829 1
 0.98911 0.97831 1
 0.98914 0.97832 1
 0.98913 0.97835 1
 0.98916 0.97836 1
 0.98915 0.97838 1
 0.98917 0.97840 1
 0.98916 0.97842 1
 0.98919 0.97843 1
 0.98918 0.97846 1
 0.98921 0.97847 1
 0.98920 0.97849 1
 0.98923 0.97850 1
 0.98922 0.97853 1
 0.98925 0.97854 1
 0.98924 0.97856 1
 0.98926 0.97858 1
 0.98925 0.97860 1
 0.98928 0.97861 1
 0.98927 0.97864 1
 0.98930 0.97865 1
 0.98929 0.97867 1
 0.98932 0.97868 1
 0.98931 0.97871 1
 0.98934 0.97872 1
 0.98933 0.97874 1
 0.98935 0.97875 1
 0.98934 0.97878 1
 0.98937 0.97879 1
 0.98936 0.97881 1
 0.98939 0.97883 1
 0.98938 0.97885 1
 0.98941 0.97886 1
 0.98940 0.97888 1
 0.98943 0.97890 1
 0.98942 0.97892 1
 0.98944 0.97893 1
 0.98943 0.97895 1
 0.98946 0.97897 1
 0.98945 0.97899 1
 0.98948 0.97900 1
 0.98947 0.97903 1
 0.98950 0.97904 1
 0.98949 0.97906 1
 0.98951 0.97907 1
 0.98950 0.97910 1
 0.98953 0.97911 1
 0.98952 0.97913 1
 0.98955 0.97914 1
 0.98954 0.97917 1
 0.98957 0.97918 1
 0.98956 0.97920 1
 0.98958 0.97921 1
 0.98957 0.97923 1
 0.98960 0.97925 1
 0.98959 0.97927 1
 0.98962 0.97928 1
 0.98961 0.97930 1
 0.98964 0.97932 1
 0.98963 0.97934 1
 0.98965 0.97935 1
 0.98964 0.97937 1
 0.98967 0.97938 1
 0.98966 0.97941 1
 0.98969 0.97942 1
 0.98968 0.97944 1
 0.98971 0.97945 1
 0.98970 0.97948 1
 0.98972 0.97949 1
 0.98971 0.97951 1
 0.98974 0.97952 1
 0.98973 0.97954 1
 0.98976 0.97956 1
 0.98975 0.97958 1
 0.98978 0.97959 1
 0.98977 0.97961 1
 0.98979 0.97962 1
 0.98978 0.97965 1
 0.98981 0.97966 1
 0.98980 0.97968 1
 0.98983 0.97969 1
 0.98982 0.97972 1
 0.98984 0.97973 1
 0.98983 0.97975 1
 0.98986 0.97976 1
 0.98985 0.97978 1
 0.98988 0.97979 1
 0.98987 0.97982 1
 0.98989 0.97983 1
 0.98989 0.97985 1
 0.98991 0.97986 1
 0.98990 0.97988 1
 0.98993 0.97989 1
 0.98992 0.97992 1
 0.98995 0.97993 1
 0.98994 0.97995 1
 0.98996 0.97996 1
 0.98995 0.97998 1
 0.98998 0.97999 1
 0.98997 0.98002 1
 0.99000 0.98003 1
 0.98999 0.98005 1
 0.99001 0.98006 1
 0.99000 0.98008 1
 0.99003 0.98009 1
 0.99002 0.98012 1
 0.99005 0.98013 1
 0.99004 0.98015 1
 0.99006 0.98016 1
 0.99005 0.98018 1
 0.99008 0.98019 1
 0.99007 0.98022 1
 0.99010 0.98023 1
 0.99009 0.98025 1
 0.99011 0.98026 1
 0.99010 0.98028 1
 0.99013 0.98029 1
 0.99012 0.98032 1
 0.99015 0.98033 1
 0.99014 0.98035 1
 0.99016 0.98036 1
 0.99015 0.98038 1
 0.99018 0.98039 1
 0.99017 0.98041 1
 0.99020 0.98042 1
 0.99019 0.98045 1
 0.99021 0.98046 1
 0.99020 0.98048 1
 0.99023 0.98049 1
 0.99022 0.98051 1
 0.99024 0.98052 1
 0.99024 0.98054 1
 0.99026 0.98055 1
 0.99025 0.98058 1
 0.99028 0.98059 1
 0.99027 0.98061 1
 0.99029 0.98062 1
 0.99028 0.98064 1
 0.99031 0.98065 1
 0.99030 0.98067 1
 0.99033 0.98068 1
 0.99032 0.98071 1
 0.99034 0.98072 1
 0.99033 0.98074 1
 0.99036 0.98075 1
 0.99035 0.98077 1
 0.99037 0.98078 1
 0.99037 0.98080 1
 0.99039 0.98081 1
 0.99038 0.98083 1
 0.99041 0.98084 1
 0.99040 0.98087 1
 0.99042 0.98088 1
 0.99041 0.98090 1
 0.99044 0.98091 1
 0.99043 0.98093 1
 0.99045 0.98094 1
 0.99045 0.98096 1
 0.99047 0.98097 1
 0.99046 0.98099 1
 0.99049 0.98100 1
 0.99048 0.98103 1
 0.99050 0.98104 1
 0.99049 0.98106 1
 0.99052 0.98107 1
 0.99051 0.98109 1
 0.99053 0.98110 1
 0.99053 0.98112 1
 0.99055 0.98113 1
 0.99054 0.98115 1
 0.99057 0.98116 1
 0.99056 0.98118 1
 0.99058 0.98119 1
 0.99057 0.98121 1
 0.99060 0.98122 1
 0.99059 0.98125 1
 0.99061 0.98126 1
 0.99060 0.98128 1
 0.99063 0.98129 1
 0.99062 0.98131 1
 0.99064 0.98132 1
 0.99064 0.98134 1
 0.99066 0.98135 1
 0.99065 0.98137 1
 0.99068 0.98138 1
 0.99067 0.98140 1
 0.99069 0.98141 1
 0.99068 0.98143 1
 0.99071 0.98144 1
 0.99070 0.98146 1
 0.99072 0.98147 1
 0.99071 0.98149 1
 0.99074 0.98150 1
 0.99073 0.98152 1
 0.99075 0.98153 1
 0.99075 0.98156 1
 0.99077 0.98157 1
 0.99076 0.98159 1
 0.99078 0.98160 1
 0.99078 0.98162 1
 0.99080 0.98163 1
 0.99079 0.98165 1
 0.99082 0.98166 1
 0.99081 0.98168 1
 0.99083 0.98169 1
 0.99082 0.98171 1
 0.99085 0.98172 1
 0.99084 0.98174 1
 0.99086 0.98175 1
 0.99085 0.98177 1
 0.99088 0.98178 1
 0.99087 0.98180 1
 0.99089 0.98181 1
 0.99088 0.98183 1
 0.99091 0.98184 1
 0.99090 0.98186 1
 0.99092 0.98187 1
 0.99091 0.98189 1
 0.99094 0.98190 1
 0.99093 0.98192 1
 0.99095 0.98193 1
 0.99094 0.98195 1
 0.99097 0.98196 1
 0.99096 0.98198 1
 0.99098 0.98199 1
 0.99097 0.98201 1
 0.99100 0.98202 1
 0.99099 0.98204 1
 0.99101 0.98205 1
 0.99100 0.98207 1
 0.99103 0.98208 1
 0.99102 0.98210 1
 0.99104 0.98211 1
 0.99103 0.98213 1
 0.99106 0.98214 1
 0.99105 0.98216 1
 0.99107 0.98217 1
 0.99106 0.98219 1
 0.99109 0.98220 1
 0.99108 0.98222 1
 0.99110 0.98223 1
 0.99109 0.98225 1
 0.99112 0.98226 1
 0.99111 0.98228 1
 0.99113 0.98229 1
 0.99112 0.98231 1
 0.99115 0.98232 1
 0.99114 0.98234 1
 0.99116 0.98235 1
 0.99115 0.98237 1
 0.99118 0.98238 1
 0.99117 0.98240 1
 0.99119 0.98241 1
 0.99118 0.98243 1
 0.99121 0.98243 1
 0.99120 0.98245 1
 0.99122 0.98246 1
 0.99121 0.98248 1
 0.99124 0.98249 1
 0.99123 0.98251 1
 0.99125 0.98252 1
 0.99124 0.98254 1
 0.99127 0.98255 1
 0.99126 0.98257 1
 0.99128 0.98258 1
 0.99127 0.98260 1
 0.99129 0.98261 1
 0.99129 0.98263 1
 0.99131 0.98264 1
 0.99130 0.98266 1
 0.99132 0.98267 1
 0.99132 0.98269 1
 0.99134 0.98270 1
 0.99133 0.98272 1
 0.99135 0.98272 1
 0.99134 0.98274 1
 0.99137 0.98275 1
 0.99136 0.98277 1
 0.99138 0.98278 1
 0.99137 0.98280 1
 0.99140 0.98281 1
 0.99139 0.98283 1
 0.99141 0.98284 1
 0.99140 0.98286 1
 0.99142 0.98287 1
 0.99142 0.98289 1
 0.99144 0.98290 1
 0.99143 0.98292 1
 0.99145 0.98292 1
 0.99144 0.98294 1
 0.99147 0.98295 1
 0.99146 0.98297 1
 0.99148 0.98298 1
 0.99147 0.98300 1
 0.99150 0.98301 1
 0.99149 0.98303 1
 0.99151 0.98304 1
 0.99150 0.98306 1
 0.99152 0.98307 1
 0.99152 0.98308 1
 0.99154 0.98309 1
 0.99153 0.98311 1
 0.99155 0.98312 1
 0.99154 0.98314 1
 0.99157 0.98315 1
 0.99156 0.98317 1
 0.99158 0.98318 1
 0.99157 0.98320 1
 0.99159 0.98321 1
 0.99159 0.98322 1
 0.99161 0.98323 1
 0.99160 0.98325 1
 0.99162 0.98326 1
 0.99161 0.98328 1
 0.99164 0.98329 1
 0.99163 0.98331 1