 #x y z
  4.00000 1.00000 1
  4.82479 0.97428 1
  4.66289 -0.42391 1
  0.42043 -0.04098 1
  -0.19362 0.01798 1
  -0.22575 0.02293 1
  0.10340 -0.01106 1
  0.09022 -0.00900 1
  0.12133 -0.01213 1
  -0.00437 0.00042 1
  -0.00454 0.00046 1
  -0.00065 0.00006 1
  -0.00075 0.00008 1
  0.00024 -0.00002 1
  0.00027 -0.00003 1
  0.00063 -0.00006 1
  0.00065 -0.00007 1
  0.00079 -0.00008 1
  0.00080 -0.00008 1
  0.00085 -0.00008 1
  0.00085 -0.00009 1
  0.00085 -0.00009 1
  0.00081 -0.00008 1
  0.00076 -0.00008 1
  0.00038 -0.00004 1
  0.00033 -0.00003 1
  0.00012 -0.00001 1
  0.00007 -0.00001 1
  0.00009 -0.00001 1
  0.00005 -0.00000 1
  0.00004 -0.00000 1
  0.00003 -0.00000 1
  0.00002 -0.00000 1
  0.00001 -0.00000 1
  0.00001 -0.00000 1
  0.00001 -0.00000 1
  0.00000 -0.00000 1
  0.00000 -0.00000 1
  0.00000 -0.00000 1
  0.00000 -0.00000 1
  0.00000 -0.00000 1
  0.00000 -0.00000 1
  0.00000 -0.00000 1
  0.00000 -0.00000 1