#x y z
 -100.00000 100.00000 1
 -209.42025 43856.85039 1
 -209.42026 43856.85089 1
 -209.33076 43819.36609 1
 -208.36024 43412.95936 1
 -207.66202 43122.00587 1
 -204.88521 41977.13278 1
 -204.93855 41999.63799 1
 -203.91757 41581.29966 1
 -203.03738 41222.67866 1
 -198.78390 39514.54087 1
 -198.81058 39525.49062 1
 -197.82504 39133.69637 1
 -196.97353 38797.09839 1
 -192.93738 37224.32265 1
 -192.96595 37235.69967 1
 -191.98846 36858.53816 1
 -191.14099 36533.43486 1
 -187.10225 35006.75828 1
 -187.12998 35017.47654 1
 -186.16286 34655.60217 1
 -185.32492 34343.91340 1
 -181.33516 32881.95592 1
 -181.36270 32892.27812 1
 -180.40552 32545.16375 1
 -179.57597 32246.14388 1
 -175.62392 30843.28715 1
 -175.65111 30853.16675 1
 -174.70411 30520.55778 1
 -173.88332 30234.05298 1
 -169.97206 28890.03669 1
 -169.99894 28899.49508 1
 -169.06219 28581.07750 1
 -168.25019 28306.80233 1
 -164.37956 27020.18745 1
 -164.40612 27029.23109 1
 -163.47975 26724.70355 1
 -162.67666 26462.40038 1
 -158.84718 25231.98305 1
 -158.87340 25240.62128 1
 -157.95755 24949.68022 1
 -157.16346 24699.08779 1
 -153.37564 23523.65440 1
 -153.40153 23531.89661 1
 -152.49630 23254.23726 1
 -151.71134 23015.09236 1
 -147.96560 21893.39519 1
 -147.99115 21901.25021 1
 -147.09668 21636.56955 1
 -146.32095 21408.61100 1
 -142.61784 20339.43777 1
 -142.64306 20346.91498 1
 -141.75948 20094.90821 1
 -140.99309 19877.87354 1
 -137.33313 18859.98664 1
 -137.35800 18867.09509 1
 -136.48546 18627.45849 1
 -135.72853 18421.08531 1
 -132.11224 17453.25388 1
 -132.13676 17460.00274 1
 -131.27541 17232.43093 1
 -130.52807 17036.45616 1
 -126.95595 16117.43295 1
 -126.98011 16123.83108 1
 -126.13010 15908.02058 1
 -125.39248 15722.18236 1
 -121.86515 14850.74600 1
 -121.88896 14856.80270 1
 -121.05043 14652.44830 1
 -120.32267 14476.48342 1
 -116.84073 13651.39678 1
 -116.86417 13657.12124 1
 -116.03731 13463.91836 1
 -115.31954 13297.56431 1
 -111.88362 12517.59678 1
 -111.90669 12522.99813 1
 -111.09167 12340.64132 1
 -110.38405 12183.63482 1
 -106.99479 11447.54673 1
 -107.01747 11452.63408 1
 -106.21447 11280.81801 1
 -105.51715 11132.89550 1
 -102.17524 10439.45251 1
 -102.19754 10444.23505 1
 -101.40675 10282.65403 1
 -100.71989 10143.55226 1
 -97.42603 9491.51337 1
 -97.44793 9496.00024 1
 -96.66956 9344.34887 1
 -95.99333 9213.80442 1
 -92.74829 8601.93944 1
 -92.76980 8606.13992 1
 -92.00405 8464.11167 1
 -91.33863 8341.85997 1
 -88.14317 7768.92157 1
 -88.16426 7772.84474 1
 -87.41136 7640.13346 1
 -86.75694 7525.91045 1
 -83.61186 6990.65738 1
 -83.63254 6994.31239 1
 -82.89272 6870.61142 1
 -82.24949 6764.15304 1
 -79.15570 6265.34978 1
 -79.17596 6268.74598 1
 -78.44947 6153.74843 1
 -77.81765 6054.78987 1
 -74.77605 5591.19389 1
 -74.79588 5594.34046 1
 -74.08298 5487.73898 1
 -73.46279 5396.01486 1
 -70.47431 4966.37475 1
 -70.49369 4969.28084 1
 -69.79467 4870.76781 1
 -69.18635 4786.01330 1
 -66.25203 4389.08836 1
 -66.27096 4391.76324 1
 -65.58611 4301.03043 1
 -64.98990 4222.97956 1
 -62.11080 3857.51916 1
 -62.12926 3859.97208 1
 -61.45891 3776.71121 1
 -60.87509 3705.09824 1
 -58.05238 3369.85711 1
 -58.07037 3372.09739 1
 -57.41484 3295.99939 1
 -56.84370 3230.55775 1
 -54.07860 2924.28370 1
 -54.09610 2926.32059 1
 -53.45577 2857.07596 1
 -52.89761 2797.53871 1
 -50.19141 2518.97693 1
 -50.20840 2520.81972 1
 -49.58367 2458.11843 1
 -49.03883 2404.21831 1
 -46.39294 2152.11460 1
 -46.40941 2153.77262 1
 -45.80071 2097.30404 1
 -45.26954 2048.77310 1
 -42.68547 1821.87034 1
 -42.70141 1823.35294 1
 -42.10920 1772.80568 1
 -41.59211 1729.37540 1
 -39.07149 1526.41276 1
 -39.08687 1527.72930 1
 -38.51168 1482.79121 1
 -38.00909 1444.19247 1
 -35.55368 1263.90633 1
 -35.56848 1265.06623 1
 -35.01087 1225.42426 1
 -34.52326 1191.38707 1
 -32.13499 1032.51086 1
 -32.14920 1033.52355 1
 -31.60979 998.86365 1
 -31.13768 969.11714 1
 -28.81865 830.37843 1
 -28.83223 831.25336 1
 -28.31172 801.26038 1
 -27.85571 775.53281 1
 -25.60826 655.65765 1
 -25.62118 656.40435 1
 -25.12038 630.76174 1
 -24.68112 608.78007 1
 -22.50780 506.48635 1
 -22.52003 507.11437 1
 -22.03982 485.50407 1
 -21.61807 466.99401 1
 -19.52176 380.99530 1
 -19.53326 381.51428 1
 -19.07470 363.61640 1
 -18.67132 348.30206 1
 -16.65525 277.30484 1
 -16.66599 277.72448 1
 -16.23030 263.21686 1
 -15.84631 250.82036 1
 -13.91416 193.52220 1
 -13.92406 193.85229 1
 -13.51272 182.41004 1
 -13.14933 172.65111 1
 -11.30531 127.73956 1
 -11.31432 127.99002 1
 -10.92912 119.28470 1
 -10.58784 111.87998 1
 -10.40809 108.40526 1
 -10.08101 101.50720 1
 -9.91162 98.05140 1
 -9.31886 86.66217 1
 -9.32625 86.97448 1
 -8.95452 80.04674 1
 -8.68207 75.18164 1
 -7.49235 56.05735 1
 -7.50643 56.32533 1
 -7.16165 51.16332 1
 -6.84599 46.69657 1
 -6.71648 45.16021 1
 -6.42713 41.21343 1
 -6.26945 39.15864 1
 -5.71080 32.48516 1
 -5.72450 32.76223 1
 -5.39969 29.05329 1
 -5.14602 26.33561 1
 -3.93826 15.46595 1
 -3.94669 15.56245 1
 -3.66326 13.33302 1
 -3.40073 11.44838 1
 -1.87194 3.48457 1
 -5.69514 32.45218 1
 -0.62869 0.39203 1
 -6.75238 45.60731 1
 -6.75245 45.60780 1
 -6.40570 40.92578 1
 -6.19943 38.27454 1
 -5.38287 28.88778 1
 -5.40164 29.16052 1
 -5.08248 25.72832 1
 -4.79274 22.83074 1
 -3.13243 9.78614 1
 -3.13625 9.82628 1
 -2.87249 8.17570 1
 -2.63666 6.84890 1
 -1.32416 1.73478 1
 -4.67260 21.85023 1
 -0.22671 0.04864 1
 -0.22680 0.04917 1
 -0.05560 -0.02800 1
 0.09713 -0.03179 1
 0.14502 0.02965 1
 0.27693 0.05618 1
 0.36365 0.10137 1
 0.73044 0.52476 1
 0.72500 0.52329 1
 0.82470 0.67018 1
 0.96933 0.93646 1
 0.96523 0.93112 1
 0.99715 0.99356 1
 0.99757 0.99516 1
 0.99999 0.99997 1
 1.00000 1.00000 1
 1.00000 1.00000 1
 1.00000 1.00000 1