#x y z
 -2.00000 7.00000 98
 0.86845 1.66552 98
 1.27895 0.98600 98
 1.29164 1.00001 98
 1.29164 1.00001 98
 1.29164 1.00001 98
 1.29164 1.00001 98
 1.29164 1.00001 98
 1.29164 1.00001 98
 1.29164 1.00001 98
 1.29164 1.00001 98
 1.29164 1.00001 98
 1.29164 1.00001 98
 1.29164 1.00001 98
 1.29164 1.00001 98
 1.29164 1.00001 98
 1.29164 1.00001 98
 1.29164 1.00001 98
 1.29164 1.00001 98
 1.29164 1.00001 98
 1.29164 1.00001 98
 1.29164 1.00001 98
 1.29164 1.00001 98
 1.29164 1.00001 98
 1.29164 1.00001 98
 1.29164 1.00001 98
 1.29164 1.00001 98
 1.29164 1.00001 98
 1.29164 1.00001 98
 1.29164 1.00001 98
 1.29164 1.00001 98
 1.29164 1.00001 98
 1.29164 1.00001 98
 1.29164 1.00000 98
 1.29164 1.00000 98
 1.29164 1.00000 98
 1.29164 1.00000 98
 1.29164 1.00000 98
 1.29164 1.00000 98
 1.29164 1.00000 98
 1.29164 1.00000 98