------Minimization-Task--------
f(x) = ((100.0 * ((x_{1} - (x_{0} ^ 2.0)) ^ 2.0)) + ((1.0 - x_{0}) ^ 2.0))
x0 = [-100.0, 100.0]
eps = 1.0E-7
expected ans = [1.0, 1.0]
Actual ans: [1.0, 1.0]
Iterations: 376
Points:
#x y z
 -100.00000 100.00000 1
 -209.42025 43856.85039 1
 -209.42026 43856.85091 1
 -209.32336 43816.26381 1
 -208.40304 43430.79669 1
 -208.39805 43428.71086 1
 -208.34383 43406.01732 1
 -208.34335 43405.81789 1
 -207.08104 42881.15009 1
 -207.06930 42876.43237 1
 -194.92467 37995.46329 1
 -194.92799 37996.84895 1
 -194.77952 37938.97121 1
 -193.95275 37616.65995 1
 -193.88874 37591.84834 1
 -193.14810 37304.74476 1
 -193.07645 37277.29904 1
 -190.19881 36174.87923 1
 -190.24016 36191.18071 1
 -189.25142 35815.08400 1
 -188.42597 35502.91821 1
 -187.82879 35280.30769 1
 -186.98599 34963.01141 1
 -186.59653 34817.05877 1
 -185.23285 34309.90888 1
 -185.19293 34296.47578 1
 -184.23738 33942.47874 1
 -183.61640 33713.60540 1
 -182.62247 33351.19070 1
 -181.24278 32848.09943 1
 -180.81210 32691.73951 1
 -179.75449 32311.08828 1
 -179.16018 32097.21245 1
 -177.84112 31626.19126 1
 -177.79127 31609.80345 1
 -176.85330 31276.18648 1
 -176.25046 31062.88538 1
 -173.95391 30259.12294 1
 -174.01045 30279.49374 1
 -173.03527 29940.24665 1
 -172.21526 29656.75147 1
 -168.32595 28333.16212 1
 -180.17570 32463.43673 1
 -180.17864 32464.44269 1
 -179.16981 32100.91921 1
 -178.59613 31895.23823 1
 -176.43504 31128.41764 1
 -176.49297 31149.63445 1
 -175.51027 30802.88998 1
 -174.69880 30518.31219 1
 -170.91157 29210.28307 1
 -170.94019 29220.40185 1
 -170.00035 28899.16799 1
 -169.18407 28621.91981 1
 -165.27866 27316.58203 1
 -165.30491 27325.57386 1
 -164.37713 27018.91132 1
 -163.57320 26754.89123 1
 -159.74471 25517.92686 1
 -159.77109 25526.66316 1
 -158.85343 25233.50424 1
 -158.05749 24980.89810 1
 -154.25944 23795.53957 1
 -154.28534 23803.83190 1
 -153.37840 23524.04555 1
 -152.59202 23283.08226 1
 -148.84084 22153.17025 1
 -148.86647 22161.09340 1
 -147.97023 21894.32111 1
 -147.19301 21664.56977 1
 -143.48357 20587.12028 1
 -143.50885 20594.66065 1
 -142.62349 20340.61361 1
 -141.85559 20121.82480 1
 -138.18872 19095.71876 1
 -138.21365 19102.88698 1
 -137.33930 18861.25838 1
 -136.58084 18653.17281 1
 -132.95686 17677.13449 1
 -132.98144 17683.94009 1
 -132.11826 17454.42970 1
 -131.36919 17256.73969 1
 -130.88806 17132.15005 1
 -130.14088 16936.04627 1
 -129.78314 16842.70306 1
 -128.53495 16520.22536 1
 -128.51510 16516.15572 1
 -127.66155 16296.73398 1
 -127.09348 16151.66752 1
 -124.87970 15594.31133 1
 -124.92796 15606.87458 1
 -124.05814 15389.65010 1
 -123.31380 15205.21685 1
 -122.86344 15095.85416 1
 -122.13085 14915.36083 1
 -121.77546 14828.33658 1
 -120.53569 14527.89157 1
 -120.52183 14525.52777 1
 -119.68360 14323.45636 1
 -119.12070 14188.70091 1
 -116.91125 13667.65316 1
 -116.95767 13678.97993 1
 -116.10777 13480.27344 1
 -115.37741 13310.91584 1
 -114.94267 13212.22156 1
 -114.22592 13047.00159 1
 -113.87664 12967.00052 1
 -112.65823 12690.96022 1
 -112.64660 12689.27071 1
 -111.82604 12504.38549 1
 -111.27319 12380.72599 1
 -109.09661 11901.51334 1
 -109.14164 11911.78541 1
 -108.31141 11730.65552 1
 -107.59672 11576.07040 1
 -107.17409 11486.67007 1
 -106.47375 11336.12448 1
 -106.13182 11263.11486 1
 -104.93894 11011.30893 1
 -104.92829 11009.95793 1
 -104.12651 10841.68235 1
 -103.58545 10728.99646 1
 -101.45290 10292.16142 1
 -101.49674 10301.48082 1
 -100.68645 10137.08781 1
 -99.98846 9996.75407 1
 -99.57789 9916.12053 1
 -98.89443 9779.59858 1
 -98.56008 9713.28072 1
 -97.39420 9484.79876 1
 -97.38448 9483.74892 1
 -96.60197 9331.32509 1
 -96.07310 9229.13554 1
 -93.98453 8832.59087 1
 -94.02712 8840.99811 1
 -93.23730 8692.55428 1
 -92.55595 8565.71269 1
 -92.15856 8493.54304 1
 -91.49236 8370.36668 1
 -91.16575 8310.42554 1
 -90.02641 8103.96761 1
 -90.01789 8103.23016 1
 -89.25507 7965.88238 1
 -88.73837 7873.63926 1
 -86.69435 7515.43809 1
 -86.73561 7522.96917 1
 -85.96690 7389.70142 1
 -85.30277 7275.71867 1
 -84.91813 7211.41269 1
 -84.26965 7100.91448 1
 -83.95108 7047.05399 1
 -82.84021 6861.75550 1
 -82.83288 6861.29363 1
 -82.09033 6738.26797 1
 -81.58614 6655.48647 1
 -79.58832 6333.85694 1
 -79.62824 6340.56453 1
 -78.88122 6221.67283 1
 -78.23476 6119.87955 1
 -77.86311 6062.96839 1
 -77.23298 5964.49829 1
 -76.92268 5916.40907 1
 -75.84026 5751.04226 1
 -75.83409 5750.81589 1
 -75.11247 5641.36045 1
 -74.62136 5567.58063 1
 -72.67139 5280.71480 1
 -72.70993 5286.64750 1
 -71.98527 5181.33879 1
 -71.35711 5091.08674 1
 -71.00007 5041.29301 1
 -70.38882 4954.17605 1
 -70.08677 4911.50639 1
 -69.03329 4764.93566 1
 -69.02847 4764.93409 1
 -68.32839 4668.27704 1
 -67.85047 4602.96567 1
 -65.94685 4348.60032 1
 -65.98388 4353.79124 1
 -65.28247 4261.29450 1
 -64.67343 4181.94824 1
 -64.33026 4138.64563 1
 -63.73852 4062.21497 1
 -63.44537 4024.70699 1
 -62.42257 3895.96176 1
 -62.41898 3896.13283 1
 -61.74129 3811.52680 1
 -61.27732 3754.23597 1
 -59.42306 3530.74099 1
 -59.45856 3535.24398 1
 -58.78117 3454.75317 1
 -58.19183 3385.63206 1
 -57.86286 3348.35460 1
 -57.29144 3281.95038 1
 -57.00750 3249.28686 1
 -56.01678 3137.30720 1
 -56.01435 3137.60954 1
 -55.35995 3064.29462 1
 -54.91051 3014.53634 1
 -53.10938 2820.27592 1
 -53.14333 2824.14272 1
 -52.49090 2754.85461 1
 -51.92194 2695.27807 1
 -51.60796 2663.60658 1
 -51.05762 2606.54775 1
 -50.78325 2578.41092 1
 -49.82597 2482.09781 1
 -49.82473 2482.50494 1
 -49.19457 2419.70847 1
 -48.76021 2376.97723 1
 -47.01397 2210.01120 1
 -47.04630 2213.28798 1
 -46.41986 2154.39809 1
 -45.87244 2103.71859 1
 -45.57416 2077.20929 1
 -45.04582 2028.81810 1
 -44.78133 2004.88087 1
 -43.85828 1923.06233 1
 -43.85841 1923.56029 1
 -43.25350 1870.49967 1
 -42.83469 1834.27672 1
 -41.14241 1692.42368 1
 -41.17295 1695.15128 1
 -40.57384 1645.86444 1
 -40.04853 1603.37021 1
 -39.76731 1581.62374 1
 -39.26193 1541.21726 1
 -39.00763 1521.14995 1
 -38.12019 1452.70644 1
 -38.12188 1453.27609 1
 -37.54340 1409.17311 1
 -37.14070 1378.94464 1
 -35.50446 1260.32144 1
 -35.53311 1262.54653 1
 -34.96274 1222.05590 1
 -34.46114 1187.10291 1
 -34.19712 1169.60854 1
 -33.71599 1136.51226 1
 -33.47264 1120.01367 1
 -32.62278 1063.84731 1
 -32.62595 1064.45011 1
 -32.07545 1028.53219 1
 -31.68984 1003.80581 1
 -30.11220 906.52780 1
 -30.13882 908.29878 1
 -29.59889 875.79111 1
 -29.12209 847.67741 1
 -28.87644 833.99417 1
 -28.42097 807.52156 1
 -28.18913 794.26419 1
 -27.37918 749.26472 1
 -27.38390 749.87416 1
 -26.86310 721.35594 1
 -26.49555 701.62163 1
 -24.97896 623.76066 1
 -25.00341 625.12597 1
 -24.49596 599.78344 1
 -24.04585 577.83232 1
 -23.81953 567.49608 1
 -23.39149 546.95812 1
 -23.17198 536.61988 1
 -22.40451 501.65173 1
 -22.41083 502.24037 1
 -21.92186 480.33028 1
 -21.57353 465.07264 1
 -20.12068 404.68248 1
 -20.14274 405.69102 1
 -19.67029 386.68677 1
 -19.24902 370.20333 1
 -19.04343 362.75897 1
 -18.64498 347.45820 1
 -18.43878 339.71031 1
 -17.71686 313.62139 1
 -17.72490 314.16620 1
 -17.27039 298.06151 1
 -16.94265 286.75745 1
 -15.55516 241.83239 1
 -15.57454 242.53310 1
 -15.14037 229.03269 1
 -14.75068 217.31055 1
 -14.56749 212.29935 1
 -14.20142 201.53060 1
 -14.00978 196.03853 1
 -13.33759 177.67081 1
 -13.34741 178.14665 1
 -12.93086 167.03562 1
 -12.62557 159.15819 1
 -11.30531 127.70848 1
 -11.32165 128.15275 1
 -10.93018 119.30674 1
 -10.57589 111.62776 1
 -10.41735 108.58950 1
 -10.08750 101.63555 1
 -9.91213 98.05887 1
 -9.29507 86.22371 1
 -9.30671 86.60769 1
 -8.93301 79.66109 1
 -8.65254 74.66997 1
 -7.39800 54.65775 1
 -7.41076 54.89865 1
 -7.06848 49.83862 1
 -6.75550 45.46700 1
 -6.62470 43.93596 1
 -6.33687 40.06235 1
 -6.18034 38.05058 1
 -5.62617 31.52642 1
 -5.63958 31.79738 1
 -5.31630 28.16062 1
 -5.06421 25.50164 1
 -3.86529 14.89679 1
 -7.39972 54.77969 1
 -7.40117 54.79380 1
 -7.03886 49.43348 1
 -6.83586 46.56250 1
 -6.04559 36.44937 1
 -6.06592 36.77784 1
 -5.73451 32.77435 1
 -5.43901 29.43300 1
 -5.31835 28.32767 1
 -5.04842 25.40408 1
 -4.90031 23.88457 1
 -4.37416 19.02366 1
 -4.38794 19.24675 1
 -4.08640 16.60975 1
 -3.84664 14.67201 1
 -2.66464 7.06714 1
 -5.99907 36.00995 1
 -6.00039 36.01958 1
 -5.65979 31.93441 1
 -5.46882 29.76145 1
 -4.72120 22.20390 1
 -4.74014 22.45336 1
 -4.43163 19.54376 1
 -4.15303 17.11848 1
 -4.04859 16.42559 1
 -3.79781 14.35202 1
 -3.65736 13.26560 1
 -3.15417 9.85887 1
 -3.16891 10.03452 1
 -2.89187 8.28807 1
 -2.66360 6.99124 1
 -2.54374 6.50502 1
 -2.32700 5.36145 1
 -2.20932 4.79673 1
 -1.79327 3.14360 1
 -1.80435 3.25109 1
 -1.56398 2.38974 1
 -1.36677 1.79048 1
 -0.29065 0.07177 1
 -0.29356 0.08144 1
 -0.11839 -0.01913 1
 0.05384 -0.03925 1
 0.08799 0.01430 1
 0.22799 0.02967 1
 0.32343 0.07176 1
 0.75685 0.56629 1
 -0.47430 0.23708 1
 -0.47590 0.23616 1
 -0.26869 0.04087 1
 -0.16687 -0.01866 1
 0.25883 0.04665 1
 0.24935 0.05764 1
 0.39895 0.13680 1
 0.56865 0.29934 1
 0.57311 0.32922 1
 0.68635 0.45784 1
 0.78602 0.60148 1
 0.80171 0.64449 1
 0.87650 0.76163 1
 0.94413 0.88413 1
 0.94715 0.89731 1
 0.98566 0.96987 1
 0.99573 0.99172 1
 0.99961 0.99917 1
 1.00000 1.00000 1
 1.00000 1.00000 1
 1.00000 1.00000 1
OK

------Minimization-Task--------
f(x) = (((((x_{0} ^ 2.0) + x_{1}) - 11.0) ^ 2.0) + (((x_{0} + (x_{1} ^ 2.0)) - 7.0) ^ 2.0))
x0 = [4.0, 1.0]
eps = 1.0E-7
expected ans = [3.0, 2.0]
Actual ans: [3.5844283403304877, -1.8481265269644291]
Iterations: 6
Points:
#x y z
 4.00000 1.00000 1
 3.66645 -1.82040 1
 3.59572 -1.76657 1
 3.58518 -1.84863 1
 3.58443 -1.84809 1
 3.58443 -1.84813 1
 3.58443 -1.84813 1

 ------Minimization-Task--------
 f(x) = (((((x_{0} + (10.0 * x_{1})) ^ 2.0) + (5.0 * ((x_{2} - x_{3}) ^ 2.0))) + ((x_{1} - (2.0 * x_{2})) ^ 4.0)) + (10.0 * ((x_{0} - (2.0 * x_{3})) ^ 4.0)))
 x0 = [4.0, 1.0, 3.0, 4.0]
 eps = 1.0E-7
 expected ans = [0.0, 0.0, 0.0, 0.0]
 Actual ans: [1.4833823867175385E-6, -1.4833823865576812E-7, 4.438277136912268E-7, 4.43827708021035E-7]
 Iterations: 43
 Points:
 #x y z
  4.00000 1.00000 1
  4.82479 0.97428 1
  4.66289 -0.42391 1
  0.42043 -0.04098 1
  -0.19362 0.01798 1
  -0.22575 0.02293 1
  0.10340 -0.01106 1
  0.09022 -0.00900 1
  0.12133 -0.01213 1
  -0.00437 0.00042 1
  -0.00454 0.00046 1
  -0.00065 0.00006 1
  -0.00075 0.00008 1
  0.00024 -0.00002 1
  0.00027 -0.00003 1
  0.00063 -0.00006 1
  0.00065 -0.00007 1
  0.00079 -0.00008 1
  0.00080 -0.00008 1
  0.00085 -0.00008 1
  0.00085 -0.00009 1
  0.00085 -0.00009 1
  0.00081 -0.00008 1
  0.00076 -0.00008 1
  0.00038 -0.00004 1
  0.00033 -0.00003 1
  0.00012 -0.00001 1
  0.00007 -0.00001 1
  0.00009 -0.00001 1
  0.00005 -0.00000 1
  0.00004 -0.00000 1
  0.00003 -0.00000 1
  0.00002 -0.00000 1
  0.00001 -0.00000 1
  0.00001 -0.00000 1
  0.00001 -0.00000 1
  0.00000 -0.00000 1
  0.00000 -0.00000 1
  0.00000 -0.00000 1
  0.00000 -0.00000 1
  0.00000 -0.00000 1
  0.00000 -0.00000 1
  0.00000 -0.00000 1
  0.00000 -0.00000 1
 OK

 ------Minimization-Task--------
 f(x) = ((100.0 - (2.0 / ((1.0 + (((x_{0} - 1.0) ^ 2.0) / 4.0)) + (((x_{1} - 1.0) ^ 2.0) / 9.0)))) - (1.0 / ((1.0 + (((x_{0} - 2.0) ^ 2.0) / 4.0)) + (((x_{1} - 1.0) ^ 2.0) / 9.0))))
 x0 = [4.0, 1.0]
 eps = 1.0E-7
 expected ans = [1.29164, 1.0]
 Actual ans: [1.2916431505041848, 1.0]
 Iterations: 1
 Points:
 #x y z
  4.00000 1.00000 1
  1.29164 1.00000 1
 OK
