------Minimization-Task--------
f(x) = ((100.0 * ((x_{1} - (x_{0} ^ 2.0)) ^ 2.0)) + ((1.0 - x_{0}) ^ 2.0))
x0 = [400.0, 3.0]
eps = 1.0E-7
expected ans = [1.0, 1.0]
Actual ans: [1.0000000000000422, 1.0000000000000886]
Iterations: 80
Points:
#x y z
 400.00000 3.00000 1
 11.79127 139.03385 1
 11.79093 139.03205 1
 11.79059 139.02385 1
 11.40188 129.86552 1
 11.40190 129.86594 1
 11.41873 130.26458 1
 11.41870 130.26393 1
 11.40573 129.95796 1
 11.40572 129.95772 1
 11.36115 128.91591 1
 11.36113 128.91557 1
 11.32928 128.17528 1
 11.32928 128.17522 1
 11.08570 122.66627 1
 11.08555 122.66303 1
 11.07967 122.53009 1
 11.07970 122.53064 1
 11.11292 123.28494 1
 11.11287 123.28384 1
 11.09469 122.87212 1
 11.09467 122.87168 1
 11.04628 121.78208 1
 11.04627 121.78190 1
 10.92352 119.05471 1
 10.92351 119.05466 1
 10.41656 108.28047 1
 10.41666 108.28249 1
 10.46581 109.33489 1
 10.46582 109.33512 1
 12.51022 156.56560 1
 12.50979 156.55562 1
 10.67847 113.97862 1
 10.67816 113.97134 1
 10.67614 113.92485 1
 10.67613 113.92446 1
 10.05866 101.05244 1
 10.05848 101.04867 1
 10.03518 100.56590 1
 10.03518 100.56587 1
 0.77453 0.60014 1
 0.77453 0.60014 1
 0.77453 0.60014 1
 0.78847 0.61647 1
 0.78848 0.61648 1
 0.80043 0.63265 1
 0.80043 0.63265 1
 0.79583 0.62675 1
 0.79583 0.62675 1
 0.82385 0.66821 1
 0.82385 0.66822 1
 0.83050 0.67829 1
 0.83051 0.67830 1
 0.83438 0.68422 1
 0.83439 0.68423 1
 0.84016 0.69320 1
 0.84016 0.69320 1
 0.82097 0.66599 1
 0.82097 0.66598 1
 0.81416 0.65709 1
 0.81416 0.65709 1
 0.82618 0.67440 1
 0.82618 0.67439 1
 0.82262 0.66940 1
 0.82262 0.66940 1
 0.81568 0.66110 1
 0.81568 0.66111 1
 0.83075 0.68271 1
 0.83075 0.68271 1
 0.82323 0.67458 1
 0.82323 0.67458 1
 0.89204 0.78787 1
 0.89204 0.78788 1
 0.95794 0.91034 1
 0.95794 0.91035 1
 0.97620 0.95355 1
 0.99350 0.98633 1
 0.99989 0.99979 1
 1.00000 0.99999 1
 1.00000 1.00000 1
 1.00000 1.00000 1
OK